1000
266.108215    115.339630    0.000000
268.227844    112.232971    0.000000
269.246582    110.299393    0.000000
246.263931    130.630554    0.000000
249.414139    129.200623    0.000000
251.975906    129.199661    0.000000
254.627213    128.504074    0.000000
257.476898    128.574341    0.000000
259.386505    128.835114    0.000000
260.485657    130.282013    0.000000
261.030548    132.402542    0.000000
248.898148    126.440918    0.000000
252.552841    125.441254    0.000000
255.526718    125.342453    0.000000
258.320862    125.351974    0.000000
261.107269    125.535858    0.000000
261.485565    127.474197    0.000000
262.151886    129.483765    0.000000
250.523483    122.671585    0.000000
252.242569    121.992218    0.000000
254.931076    121.764099    0.000000
258.068665    121.905563    0.000000
261.787231    122.073196    0.000000
263.137268    123.123840    0.000000
252.331223    118.735779    0.000000
253.564499    118.500259    0.000000
258.968048    118.743866    0.000000
262.462158    118.726761    0.000000
263.640411    119.711426    0.000000
264.171661    120.841583    0.000000
257.823456    115.722977    0.000000
260.417145    116.305679    0.000000
263.301331    116.901505    0.000000
264.381744    117.474213    0.000000
265.085175    119.951233    0.000000
263.154968    113.692657    0.000000
264.235291    114.265396    0.000000
265.067169    113.895340    0.000000
266.200897    115.867798    0.000000
267.265533    116.789108    0.000000
265.602173    111.066620    0.000000
267.255798    111.839828    0.000000
268.106384    112.343933    0.000000
268.981049    113.606033    0.000000
259.454285    137.856644    0.000000
260.399506    137.944427    0.000000
262.687836    137.324341    0.000000
265.201202    135.719864    0.000000
270.125641    132.777496    0.000000
257.304535    141.421326    0.000000
260.399078    141.967682    0.000000
263.839447    140.857086    0.000000
266.356964    139.162323    0.000000
269.918182    137.379074    0.000000
273.073303    135.577515    0.000000
276.060272    133.497177    0.000000
278.024536    133.043243    0.000000
283.188721    129.795273    0.000000
260.485779    138.038727    0.000000
260.263641    141.961594    0.000000
261.129730    143.808838    0.000000
262.590332    134.472000    0.000000
262.501221    137.451508    0.000000
262.930756    139.957214    0.000000
263.722839    141.439468    0.000000
264.892090    142.577118    0.000000
265.181885    133.142288    0.000000
265.002472    136.117737    0.000000
265.751801    138.547409    0.000000
266.880402    140.587311    0.000000
269.006012    132.546204    0.000000
269.378510    136.315002    0.000000
270.164459    137.932663    0.000000
270.326996    139.341339    0.000000
272.458954    132.159424    0.000000
272.400360    134.462265    0.000000
273.243988    136.805756    0.000000
273.748749    137.642166    0.000000
275.957092    131.774689    0.000000
276.093201    133.769821    0.000000
276.998199    135.754471    0.000000
280.377502    129.984924    0.000000
280.488800    131.526932    0.000000
281.139404    133.138458    0.000000
243.620407    140.137512    0.000000
246.110733    138.986984    0.000000
247.909439    136.760193    0.000000
250.392838    132.865997    0.000000
243.198990    143.689194    0.000000
244.935287    143.811020    0.000000
247.261276    141.477356    0.000000
249.322311    138.260880    0.000000
251.142471    135.556061    0.000000
251.844650    132.539566    0.000000
243.036118    146.338120    0.000000
245.485245    146.100174    0.000000
247.980850    142.903275    0.000000
250.869370    139.680527    0.000000
252.168503    137.910202    0.000000
252.861191    136.069031    0.000000
253.856064    134.284973    0.000000
254.532639    131.833420    0.000000
243.916733    150.950027    0.000000
246.669449    148.809784    0.000000
249.903763    145.646210    0.000000
253.133835    141.611496    0.000000
254.215561    139.831390    0.000000
256.673553    136.502151    0.000000
257.500183    132.111145    0.000000
245.499680    153.118774    0.000000
249.083420    149.354080    0.000000
252.161911    146.749542    0.000000
254.227158    144.404144    0.000000
255.820663    142.864822    0.000000
257.303619    138.664886    0.000000
259.246552    136.244278    0.000000
244.161057    138.768448    0.000000
244.438278    140.348587    0.000000
244.567368    142.313889    0.000000
245.075790    144.557632    0.000000
245.930008    146.860474    0.000000
246.758316    148.770248    0.000000
248.366928    150.758743    0.000000
249.662796    150.991348    0.000000
244.847916    137.057602    0.000000
245.974533    139.111481    0.000000
246.413742    140.960190    0.000000
247.293320    142.698074    0.000000
249.368210    144.968887    0.000000
250.296799    145.620377    0.000000
252.118454    146.747574    0.000000
254.445480    147.287918    0.000000
245.649277    135.700317    0.000000
246.925552    136.367493    0.000000
248.757370    138.235397    0.000000
249.755295    139.281921    0.000000
251.410904    140.227493    0.000000
253.307632    141.619324    0.000000
255.224014    142.576630    0.000000
256.263031    142.710571    0.000000
246.129349    135.678391    0.000000
248.649826    135.792053    0.000000
251.822098    135.935089    0.000000
253.724442    136.238556    0.000000
258.001404    137.364090    0.000000
214.120285    153.272888    0.000000
215.498123    154.502930    0.000000
217.114212    155.159698    0.000000
217.604294    145.467072    0.000000
217.523941    149.604126    0.000000
217.871811    152.486481    0.000000
218.628647    154.537888    0.000000
221.340042    134.434326    0.000000
221.570297    138.744690    0.000000
221.185989    141.381653    0.000000
221.180130    145.044312    0.000000
221.347977    149.564209    0.000000
221.305344    151.685745    0.000000
223.528976    154.174850    0.000000
225.043625    134.707428    0.000000
225.548019    137.649933    0.000000
224.930283    140.754166    0.000000
225.172623    144.799622    0.000000
225.224472    148.358734    0.000000
224.919876    151.583282    0.000000
226.657059    154.262833    0.000000
230.026077    134.879013    0.000000
230.236832    138.445267    0.000000
229.994705    141.460312    0.000000
229.376999    144.564529    0.000000
229.443253    147.805740    0.000000
229.162888    151.668396    0.000000
231.157883    154.518829    0.000000
235.413528    136.661392    0.000000
235.279831    139.628159    0.000000
234.753220    141.887161    0.000000
233.886887    143.440704    0.000000
233.738815    146.725342    0.000000
233.802231    148.851624    0.000000
233.805435    151.134506    0.000000
236.149399    153.310532    0.000000
237.103409    154.521423    0.000000
239.859787    139.303833    0.000000
240.229111    141.709335    0.000000
240.085800    144.888077    0.000000
239.773605    147.103607    0.000000
238.888138    149.080933    0.000000
239.344345    151.915100    0.000000
239.959000    153.588455    0.000000
240.067734    154.708206    0.000000
214.060165    153.429443    0.000000
217.669449    152.265015    0.000000
220.123154    152.004028    0.000000
222.774429    152.070496    0.000000
225.283554    151.758911    0.000000
227.718185    151.921783    0.000000
232.401749    151.655167    0.000000
235.578049    151.851471    0.000000
239.175797    152.119858    0.000000
243.342026    152.732346    0.000000
214.858383    149.855560    0.000000
218.277603    149.372726    0.000000
222.968277    148.947144    0.000000
226.500809    148.310120    0.000000
229.568741    148.554596    0.000000
233.932022    148.326630    0.000000
237.857224    148.397430    0.000000
241.161453    149.289642    0.000000
242.435318    149.293976    0.000000
218.232437    144.486710    0.000000
222.764328    144.054047    0.000000
227.012070    144.033203    0.000000
229.925919    144.164551    0.000000
233.954636    144.293121    0.000000
237.246506    144.282242    0.000000
240.343521    145.058945    0.000000
242.226913    145.674713    0.000000
218.969589    138.733582    0.000000
223.906235    138.743805    0.000000
228.676559    138.905777    0.000000
230.918869    139.803177    0.000000
233.353500    139.966049    0.000000
236.452988    140.689713    0.000000
237.657120    141.062546    0.000000
238.829758    140.956131    0.000000
240.021957    141.593857    0.000000
241.510147    141.554764    0.000000
242.712021    141.980545    0.000000
196.403336    176.112762    0.000000
198.076279    173.058655    0.000000
199.105026    169.886932    0.000000
200.427505    168.057068    0.000000
195.926010    170.983612    0.000000
197.891495    173.227448    0.000000
199.702591    174.312958    0.000000
197.640610    168.315186    0.000000
199.043411    169.943207    0.000000
200.977890    171.565674    0.000000
200.111618    174.658691    0.000000
203.329086    175.048859    0.000000
207.153397    175.025177    0.000000
211.851608    175.187988    0.000000
215.760574    175.462280    0.000000
219.262680    176.061310    0.000000
224.379135    176.733124    0.000000
229.170761    176.998199    0.000000
233.606674    177.541290    0.000000
238.911758    177.290314    0.000000
243.516983    178.429230    0.000000
202.900497    170.421967    0.000000
207.685837    171.912170    0.000000
212.624252    172.183868    0.000000
216.046280    172.387146    0.000000
220.593246    172.641144    0.000000
225.049118    172.744049    0.000000
230.236496    172.928864    0.000000
234.341049    173.211945    0.000000
239.757553    173.750275    0.000000
244.353989    175.084839    0.000000
203.310013    177.645844    0.000000
202.821854    174.339752    0.000000
204.341049    169.996796    0.000000
207.841049    170.644745    0.000000
206.870926    174.767395    0.000000
206.932022    177.760132    0.000000
211.007553    177.600739    0.000000
211.867081    174.845581    0.000000
211.867661    170.483185    0.000000
214.262985    178.237671    0.000000
215.624802    175.211090    0.000000
215.778732    170.708557    0.000000
217.638199    178.389862    0.000000
219.562820    175.927795    0.000000
220.255264    172.527893    0.000000
219.985611    170.898193    0.000000
222.339035    179.582092    0.000000
224.323532    176.877655    0.000000
225.006760    172.595062    0.000000
225.364243    171.189697    0.000000
227.633041    179.575714    0.000000
229.221786    176.951477    0.000000
230.076492    173.215759    0.000000
229.444199    170.932526    0.000000
231.633163    180.001129    0.000000
233.717789    177.252197    0.000000
234.443710    174.196899    0.000000
234.209793    172.862946    0.000000
234.389206    171.057404    0.000000
236.822800    180.137085    0.000000
238.400528    177.757416    0.000000
239.822342    174.488434    0.000000
239.579147    172.271729    0.000000
239.251755    170.835510    0.000000
129.873184    126.183792    0.000000
131.761765    127.727768    0.000000
133.113998    131.052734    0.000000
133.531021    133.768707    0.000000
132.735123    135.993652    0.000000
132.444199    124.444733    0.000000
134.230301    125.974457    0.000000
135.993301    129.300186    0.000000
133.842575    123.000549    0.000000
135.875748    124.193649    0.000000
137.035812    125.463303    0.000000
137.551773    126.877792    0.000000
135.293655    121.674744    0.000000
137.492508    123.049194    0.000000
138.684311    124.899963    0.000000
127.694038    128.230408    0.000000
128.733200    129.610550    0.000000
127.803261    132.235168    0.000000
129.010361    132.463531    0.000000
129.426712    134.801010    0.000000
130.617569    134.101105    0.000000
133.383560    133.182404    0.000000
134.353470    132.240677    0.000000
135.885452    129.121399    0.000000
132.587906    128.972778    0.000000
133.952377    128.280701    0.000000
134.764450    126.984039    0.000000
136.591324    125.037460    0.000000
137.708298    123.406738    0.000000
138.872543    122.010010    0.000000
131.230301    126.940613    0.000000
133.038895    125.399002    0.000000
134.694717    123.386810    0.000000
137.694229    121.145325    0.000000
129.837112    128.269028    0.000000
129.449997    126.570480    0.000000
131.302139    129.204636    0.000000
132.353958    129.020157    0.000000
132.129135    132.720047    0.000000
133.317947    133.353333    0.000000
131.414505    134.426880    0.000000
132.501083    136.041061    0.000000
167.103348    119.420609    0.000000
167.328079    116.734146    0.000000
168.680984    115.101074    0.000000
170.444595    113.555756    0.000000
168.328506    120.616730    0.000000
168.633286    117.691864    0.000000
169.815109    116.016541    0.000000
171.542770    114.504105    0.000000
170.339523    122.021133    0.000000
170.261642    119.148132    0.000000
171.422958    117.160782    0.000000
173.420151    115.038193    0.000000
171.989975    123.754974    0.000000
172.007828    121.059219    0.000000
173.041733    118.063446    0.000000
174.928879    115.313629    0.000000
177.767197    119.071686    0.000000
179.159409    118.097290    0.000000
176.836624    117.473999    0.000000
177.720688    116.269241    0.000000
175.430038    117.998291    0.000000
175.202011    116.155670    0.000000
174.126114    120.083008    0.000000
173.218948    117.967743    0.000000
171.322556    117.087112    0.000000
169.299423    116.719299    0.000000
167.914383    116.000015    0.000000
165.031235    114.003113    0.000000
173.937302    122.736511    0.000000
172.936783    122.691391    0.000000
172.007828    121.059219    0.000000
170.358932    119.290833    0.000000
168.749496    118.181091    0.000000
167.328384    117.494736    0.000000
164.821732    115.583954    0.000000
174.105728    124.368958    0.000000
172.460800    124.813370    0.000000
175.602310    125.681030    0.000000
175.678085    127.067337    0.000000
175.191177    116.397217    0.000000
173.969589    116.653275    0.000000
172.407425    116.029709    0.000000
170.851425    115.268127    0.000000
169.077560    114.738724    0.000000
165.935776    113.110458    0.000000
177.450058    122.272568    0.000000
178.740891    122.780212    0.000000
199.718552    111.207779    0.000000
197.711014    113.795944    0.000000
195.360641    116.998962    0.000000
193.038651    119.572952    0.000000
191.167038    122.640030    0.000000
188.244400    124.556686    0.000000
186.258072    126.673080    0.000000
183.363754    127.960739    0.000000
179.962296    130.013367    0.000000
175.067520    133.731934    0.000000
168.750381    137.543945    0.000000
165.527359    139.131958    0.000000
160.039047    142.035919    0.000000
154.879410    144.639542    0.000000
147.774796    144.949524    0.000000
140.998764    144.959152    0.000000
132.614822    145.684158    0.000000
125.167366    146.608948    0.000000
116.440598    147.948792    0.000000
109.793518    148.594543    0.000000
103.589844    149.890549    0.000000
101.838821    150.284271    0.000000
99.760666    151.155319    0.000000
202.907394    113.872681    0.000000
201.993484    116.667755    0.000000
200.922379    119.455704    0.000000
200.524063    124.795135    0.000000
199.467148    127.268631    0.000000
196.123642    131.529861    0.000000
194.987473    132.266510    0.000000
192.193680    134.819229    0.000000
188.148911    137.157990    0.000000
184.618484    138.574509    0.000000
181.695847    140.491211    0.000000
177.322433    143.130280    0.000000
172.541153    144.332840    0.000000
169.182175    145.441956    0.000000
165.165787    147.151733    0.000000
162.736191    148.617889    0.000000
158.633469    148.748062    0.000000
154.788528    150.150406    0.000000
149.549667    151.017227    0.000000
146.233231    151.182846    0.000000
141.123154    152.685730    0.000000
134.447739    153.960434    0.000000
128.086777    155.249390    0.000000
123.462715    156.459061    0.000000
118.517075    157.811768    0.000000
112.999039    157.878143    0.000000
110.461807    158.236450    0.000000
105.465225    157.223328    0.000000
101.604813    155.473587    0.000000
99.391068    151.419357    0.000000
206.726486    120.032562    0.000000
206.406265    123.642227    0.000000
206.822464    128.388123    0.000000
205.473648    133.842255    0.000000
203.437668    137.059448    0.000000
201.580368    139.811951    0.000000
198.150528    142.493622    0.000000
194.870773    145.339569    0.000000
190.704269    146.885010    0.000000
185.237228    149.317200    0.000000
181.577896    150.097656    0.000000
177.254135    151.636017    0.000000
169.942581    153.039642    0.000000
165.818619    153.641541    0.000000
159.908188    155.423492    0.000000
155.427139    156.954742    0.000000
151.310349    157.399429    0.000000
145.528732    159.817444    0.000000
139.439804    162.064026    0.000000
131.285233    164.690247    0.000000
124.130928    166.100998    0.000000
119.070663    166.503082    0.000000
114.817795    166.468933    0.000000
108.255722    165.227646    0.000000
102.586319    161.663086    0.000000
101.720840    159.890778    0.000000
98.968674    155.168213    0.000000
213.505081    126.956100    0.000000
213.492203    130.737183    0.000000
212.521591    134.790298    0.000000
210.229141    140.201889    0.000000
207.758255    146.078201    0.000000
205.414963    149.123932    0.000000
199.283463    152.314072    0.000000
192.144577    156.876892    0.000000
183.189651    159.782135    0.000000
176.228104    160.413651    0.000000
169.724075    161.381027    0.000000
162.412582    162.784668    0.000000
157.309647    164.130249    0.000000
154.593826    164.953262    0.000000
150.706375    167.299133    0.000000
144.939041    169.402679    0.000000
139.836075    170.748322    0.000000
136.019547    171.521637    0.000000
128.572037    172.446442    0.000000
123.497444    173.163055    0.000000
117.986572    173.072174    0.000000
112.825653    172.209198    0.000000
109.079971    171.410065    0.000000
105.813217    170.474945    0.000000
102.896286    168.767700    0.000000
101.594467    166.187897    0.000000
101.430130    166.338058    0.000000
101.430130    166.338058    0.000000
99.655106    164.355560    0.000000
216.744797    131.986877    0.000000
216.510849    137.176132    0.000000
215.490585    142.329956    0.000000
212.754807    147.091309    0.000000
209.732864    151.209473    0.000000
206.124405    154.355774    0.000000
201.086655    157.752762    0.000000
194.190109    160.435669    0.000000
189.087234    161.781296    0.000000
183.176773    163.563248    0.000000
176.693985    164.058807    0.000000
169.854294    165.483688    0.000000
163.815018    166.629562    0.000000
161.127457    166.823547    0.000000
157.904526    168.411499    0.000000
155.474838    169.877655    0.000000
150.543350    170.915863    0.000000
145.419205    172.733276    0.000000
139.344345    174.665405    0.000000
134.706131    176.189545    0.000000
127.136726    176.320953    0.000000
119.095764    176.431183    0.000000
111.282806    174.975922    0.000000
104.899277    173.270020    0.000000
214.171371    150.621704    0.000000
209.377060    155.605392    0.000000
205.311111    158.415924    0.000000
200.794724    160.733444    0.000000
197.693497    163.114716    0.000000
192.168411    163.338333    0.000000
187.229813    164.533844    0.000000
179.589615    166.237793    0.000000
175.437302    167.468674    0.000000
170.698532    167.727753    0.000000
164.187393    168.852341    0.000000
160.164047    170.719360    0.000000
153.645798    172.001190    0.000000
148.507431    174.133087    0.000000
142.275406    176.058105    0.000000
136.865067    177.232300    0.000000
130.675583    178.213806    0.000000
124.657448    178.887909    0.000000
118.203094    178.754486    0.000000
110.054443    177.756866    0.000000
201.781937    163.299088    0.000000
196.157700    165.724167    0.000000
191.597397    165.518585    0.000000
183.321060    167.351410    0.000000
177.267563    168.811813    0.000000
170.927963    169.628967    0.000000
164.402603    171.068024    0.000000
160.571976    172.155884    0.000000
155.304642    173.651703    0.000000
149.694534    175.762329    0.000000
144.112808    177.243927    0.000000
140.117722    178.481964    0.000000
133.756790    179.770874    0.000000
128.039017    180.773651    0.000000
121.248901    181.097839    0.000000
196.809311    168.747406    0.000000
194.657333    167.547394    0.000000
189.239914    168.878845    0.000000
185.101791    169.795258    0.000000
180.041428    170.197418    0.000000
176.025040    171.907135    0.000000
172.387039    172.215881    0.000000
165.204330    174.255585    0.000000
161.066238    175.172028    0.000000
155.963333    176.517639    0.000000
149.895645    178.292511    0.000000
145.729111    179.837921    0.000000
141.262344    181.054657    0.000000
136.023361    181.921478    0.000000
131.871017    183.152405    0.000000
128.225906    183.618286    0.000000
195.801895    170.120148    0.000000
193.285965    170.006683    0.000000
188.983444    171.073273    0.000000
184.180801    172.747589    0.000000
178.927689    173.928894    0.000000
174.010483    174.652588    0.000000
168.593002    175.984100    0.000000
163.468826    177.801453    0.000000
161.403275    178.181061    0.000000
160.431442    178.767487    0.000000
157.729813    179.275970    0.000000
152.455460    180.929077    0.000000
148.145920    182.152893    0.000000
144.636765    183.097626    0.000000
140.634537    184.492920    0.000000
138.247391    185.015594    0.000000
136.353317    185.087738    0.000000
131.457230    185.339722    0.000000
179.539932    119.550568    0.000000
184.566971    117.291214    0.000000
188.478500    113.761963    0.000000
191.446274    112.441696    0.000000
194.183792    109.985291    0.000000
174.650803    114.592651    0.000000
177.254135    111.989471    0.000000
181.087631    110.192245    0.000000
185.314621    107.990616    0.000000
169.732712    112.353943    0.000000
172.591660    110.325165    0.000000
175.348465    108.479401    0.000000
177.900894    105.967743    0.000000
209.725052    121.827545    0.000000
211.546463    126.292221    0.000000
213.189133    129.737488    0.000000
214.378128    133.274689    0.000000
215.598404    138.611267    0.000000
215.253647    143.764938    0.000000
216.029434    146.496872    0.000000
196.166916    110.990234    0.000000
200.368668    115.000412    0.000000
203.015671    118.603317    0.000000
204.892624    121.834412    0.000000
207.024338    124.402771    0.000000
209.457993    130.243530    0.000000
210.999496    135.931702    0.000000
212.153122    140.253922    0.000000
212.853104    144.668045    0.000000
212.931686    150.402649    0.000000
213.243729    153.450821    0.000000
183.615768    107.727402    0.000000
187.215469    110.137192    0.000000
189.091629    110.896027    0.000000
192.992416    114.105988    0.000000
196.082779    117.841248    0.000000
198.602402    121.775543    0.000000
200.917862    125.251144    0.000000
202.595993    127.911438    0.000000
204.070847    132.585236    0.000000
205.667984    137.039825    0.000000
205.924484    141.321579    0.000000
205.911057    146.602524    0.000000
206.116928    152.005768    0.000000
205.792404    156.710815    0.000000
204.703171    160.931946    0.000000
171.223190    105.932556    0.000000
175.144150    108.693924    0.000000
178.514511    111.205750    0.000000
182.099075    113.951950    0.000000
182.711258    115.328064    0.000000
186.347244    119.425018    0.000000
189.019455    122.467224    0.000000
191.436935    126.172211    0.000000
194.048477    130.560150    0.000000
195.599289    133.551773    0.000000
198.476395    139.524948    0.000000
199.807907    142.394287    0.000000
199.508682    146.538620    0.000000
199.922806    149.816147    0.000000
199.771042    153.180542    0.000000
199.803238    157.452179    0.000000
199.055435    161.576294    0.000000
196.161667    165.940811    0.000000
194.525894    167.327896    0.000000
192.151566    170.142578    0.000000
190.918869    172.559174    0.000000
179.629105    120.460434    0.000000
182.403336    126.102066    0.000000
185.801041    132.312576    0.000000
187.809189    135.756332    0.000000
188.742599    139.043411    0.000000
190.569748    144.101486    0.000000
191.837662    149.567017    0.000000
191.727463    156.809265    0.000000
192.107498    162.775543    0.000000
191.613327    166.539185    0.000000
189.048630    170.642059    0.000000
187.067551    173.797729    0.000000
178.360611    127.001465    0.000000
180.157700    130.327484    0.000000
181.509201    136.337601    0.000000
182.355087    141.567780    0.000000
182.400650    145.355698    0.000000
182.926651    148.083588    0.000000
183.202652    151.557388    0.000000
183.547806    155.899628    0.000000
183.657486    160.663925    0.000000
184.081345    165.658722    0.000000
182.881027    170.688477    0.000000
181.464828    175.708466    0.000000
174.440536    127.581894    0.000000
175.167740    130.643326    0.000000
174.943924    135.608963    0.000000
175.725571    139.862701    0.000000
175.737076    144.406250    0.000000
175.802963    150.142105    0.000000
176.103378    153.076157    0.000000
175.986588    155.666885    0.000000
176.576767    159.371216    0.000000
176.455063    162.069901    0.000000
177.481888    165.685730    0.000000
177.267776    170.435455    0.000000
177.092545    174.321564    0.000000
176.754959    177.010529    0.000000
165.310928    118.949585    0.000000
165.557816    123.071060    0.000000
167.345901    128.992676    0.000000
168.544876    133.589798    0.000000
169.017410    137.505066    0.000000
169.225296    142.490173    0.000000
169.599594    146.184723    0.000000
169.841507    150.414154    0.000000
169.651688    154.624115    0.000000
170.262253    160.276337    0.000000
169.866257    164.260681    0.000000
171.074905    168.641846    0.000000
171.542496    172.665131    0.000000
171.195175    175.569977    0.000000
171.608444    178.400970    0.000000
157.554153    120.655014    0.000000
157.889481    125.213150    0.000000
158.788925    129.255920    0.000000
159.654221    134.054276    0.000000
160.181076    139.161865    0.000000
160.084671    143.700546    0.000000
160.523056    148.371521    0.000000
161.167709    153.268127    0.000000
161.910446    158.385468    0.000000
162.746567    163.831528    0.000000
163.964951    167.996780    0.000000
164.751511    172.142609    0.000000
165.607132    177.156860    0.000000
166.000870    180.419678    0.000000
143.173630    122.927185    0.000000
144.632278    126.562454    0.000000
145.693161    129.422653    0.000000
145.935165    133.652100    0.000000
146.446579    136.703827    0.000000
146.452316    138.975586    0.000000
147.405197    141.830887    0.000000
148.402878    146.094391    0.000000
149.542465    149.607117    0.000000
151.246201    152.604462    0.000000
153.440933    156.705597    0.000000
155.527786    160.801880    0.000000
157.703110    165.334793    0.000000
159.353256    169.519562    0.000000
161.214462    173.821960    0.000000
162.035172    177.212158    0.000000
163.341995    181.814117    0.000000
139.028702    126.093460    0.000000
139.741470    129.478806    0.000000
139.649796    133.909515    0.000000
140.078506    138.796387    0.000000
140.119217    142.692230    0.000000
141.332687    146.965454    0.000000
142.443130    151.125900    0.000000
143.337662    155.276566    0.000000
144.702896    158.583160    0.000000
148.149216    163.714233    0.000000
150.682449    167.506119    0.000000
153.446182    170.983887    0.000000
155.567184    174.324554    0.000000
157.555740    178.200073    0.000000
159.201035    182.492798    0.000000
132.065109    136.596237    0.000000
132.203995    140.712860    0.000000
133.025528    146.482758    0.000000
134.631943    151.639084    0.000000
136.390060    155.828690    0.000000
138.649033    160.906235    0.000000
140.961472    164.796326    0.000000
143.730026    168.166168    0.000000
147.632584    172.776978    0.000000
149.684341    175.249146    0.000000
151.143082    178.884430    0.000000
154.824692    183.593475    0.000000
123.945229    124.764435    0.000000
123.235176    128.518280    0.000000
123.555855    133.400269    0.000000
123.272713    137.281540    0.000000
124.113686    142.619644    0.000000
125.101631    147.099014    0.000000
126.648659    151.170975    0.000000
127.488869    154.129349    0.000000
128.290054    157.951355    0.000000
129.350906    160.811508    0.000000
131.869492    164.927277    0.000000
133.259140    167.694077    0.000000
135.056137    171.020111    0.000000
138.506454    173.663544    0.000000
142.074570    176.095917    0.000000
144.572800    178.263702    0.000000
147.959854    182.310455    0.000000
150.261703    184.036743    0.000000
116.394623    126.695496    0.000000
115.336288    130.974518    0.000000
115.637619    136.288300    0.000000
115.742401    141.160538    0.000000
115.876450    145.385101    0.000000
117.516968    149.785751    0.000000
118.273407    152.199554    0.000000
119.526733    157.988922    0.000000
120.980484    161.732132    0.000000
123.926094    165.975311    0.000000
126.464119    169.659241    0.000000
128.594772    172.783966    0.000000
133.458176    175.274780    0.000000
138.198990    178.084503    0.000000
141.551102    180.507202    0.000000
146.346390    184.509247    0.000000
110.488388    130.539612    0.000000
115.516418    126.980453    0.000000
126.059486    123.453598    0.000000
131.794418    121.007965    0.000000
134.924057    118.769409    0.000000
140.816483    117.628860    0.000000
146.036942    116.998901    0.000000
151.953751    115.318649    0.000000
157.448502    113.403046    0.000000
165.381271    110.191193    0.000000
172.176224    108.226028    0.000000
177.274185    107.915039    0.000000
183.432022    108.084488    0.000000
176.399887    105.712265    0.000000
165.546768    106.520950    0.000000
156.872879    109.374908    0.000000
151.133011    111.928467    0.000000
148.493668    112.891129    0.000000
144.048294    113.123383    0.000000
135.982407    114.490402    0.000000
131.552444    116.778534    0.000000
126.666481    119.586929    0.000000
119.852036    121.983887    0.000000
178.127121    105.790146    0.000000
169.065170    107.653091    0.000000
164.468155    108.852020    0.000000
161.529221    109.260330    0.000000
158.419144    111.067123    0.000000
157.231705    111.013596    0.000000
154.356918    112.398331    0.000000
153.154861    112.668625    0.000000
150.078812    113.719788    0.000000
147.880905    114.486038    0.000000
145.476852    115.026627    0.000000
142.866653    115.341629    0.000000
140.467422    115.774323    0.000000
137.965195    116.094147    0.000000
134.015793    117.322281    0.000000
130.012894    119.737778    0.000000
126.039131    121.505676    0.000000
121.506165    123.680969    0.000000
117.301987    125.762955    0.000000
113.170746    126.225693    0.000000
114.079025    127.672806    0.000000
115.088638    124.473282    0.000000
115.746964    126.666306    0.000000
116.957764    123.800385    0.000000
117.503281    126.096512    0.000000
118.522614    122.681091    0.000000
119.072937    124.869278    0.000000
121.181427    121.286667    0.000000
122.227722    124.470688    0.000000
125.493660    119.209579    0.000000
125.803780    121.927704    0.000000
126.633278    122.722260    0.000000
129.859360    115.945023    0.000000
129.330215    118.084518    0.000000
129.998245    120.061661    0.000000
131.029099    121.189774    0.000000
133.734848    113.956421    0.000000
133.210617    115.987961    0.000000
133.682236    117.523575    0.000000
134.717850    118.543747    0.000000
137.394516    111.958038    0.000000
137.194077    114.004227    0.000000
138.289047    116.108734    0.000000
138.121964    118.133255    0.000000
141.559860    110.739700    0.000000
143.052475    113.619339    0.000000
142.969742    115.454422    0.000000
142.568008    117.166992    0.000000
145.230026    110.905182    0.000000
145.996292    113.103027    0.000000
146.335617    115.173523    0.000000
145.929031    116.994049    0.000000
149.243515    110.653458    0.000000
150.362869    112.218262    0.000000
150.510605    113.739243    0.000000
150.211960    115.564651    0.000000
152.471359    108.635635    0.000000
152.673508    111.348923    0.000000
153.680008    113.016785    0.000000
153.842300    114.213974    0.000000
155.910263    106.735489    0.000000
156.652054    109.473114    0.000000
157.879318    111.042786    0.000000
158.458969    112.583267    0.000000
161.037247    105.776810    0.000000
160.831955    107.930893    0.000000
161.951309    109.495697    0.000000
162.511398    111.467941    0.000000
165.055740    105.417130    0.000000
164.889359    106.707642    0.000000
165.567062    108.468887    0.000000
165.940506    109.783722    0.000000
170.434525    108.471970    0.000000
170.610611    106.965622    0.000000
169.059494    105.381317    0.000000
175.446701    113.962601    0.000000
174.746292    112.142456    0.000000
172.590500    110.368515    0.000000
169.674515    109.342758    0.000000
170.411057    112.841293    0.000000
169.191055    111.388962    0.000000
166.738754    109.992874    0.000000
162.358322    111.695740    0.000000
163.167709    113.576691    0.000000
164.238022    114.630997    0.000000
158.658096    115.664948    0.000000
160.368759    113.674088    0.000000
161.159256    112.256516    0.000000
158.380753    113.137283    0.000000
158.708786    115.779022    0.000000
155.698807    114.357788    0.000000
156.340897    116.231201    0.000000
142.305588    117.610550    0.000000
142.585403    120.082458    0.000000
138.817093    118.123993    0.000000
139.208511    120.600922    0.000000
141.954239    120.445236    0.000000
140.053635    122.930603    0.000000
142.208450    122.245270    0.000000
139.134354    125.963257    0.000000
141.925858    126.033218    0.000000
144.400284    125.697647    0.000000
146.986252    125.367096    0.000000
150.798904    123.862198    0.000000
153.354202    122.971359    0.000000
155.080460    121.875443    0.000000
142.491226    125.891022    0.000000
142.982681    124.907166    0.000000
143.339523    123.190552    0.000000
145.695724    125.476608    0.000000
145.981766    124.092163    0.000000
145.818954    122.743423    0.000000
147.952072    125.019363    0.000000
147.900864    123.675674    0.000000
147.730606    122.494217    0.000000
150.520004    123.849625    0.000000
150.382370    121.943054    0.000000
157.742325    121.101166    0.000000
162.122757    119.398331    0.000000
164.038956    117.807922    0.000000
162.072067    119.284225    0.000000
161.034470    117.504745    0.000000
160.605301    115.864517    0.000000
163.817459    115.282745    0.000000
165.167953    118.512802    0.000000
165.743210    116.129639    0.000000
167.045364    114.223648    0.000000
168.908981    112.834152    0.000000
109.348541    131.728668    0.000000
108.961731    135.247375    0.000000
108.538635    138.308167    0.000000
108.941040    142.033569    0.000000
109.511551    145.823578    0.000000
109.939621    148.979782    0.000000
110.331741    152.932816    0.000000
111.492020    156.293121    0.000000
112.890762    160.690826    0.000000
113.564392    163.458878    0.000000
115.611771    166.117722    0.000000
118.182724    171.081604    0.000000
121.740799    173.124146    0.000000
124.235512    174.719513    0.000000
127.526985    176.350830    0.000000
135.349350    179.954437    0.000000
138.620346    182.041107    0.000000
142.779343    185.935883    0.000000
103.695877    139.458649    0.000000
103.674118    143.735291    0.000000
103.598099    147.952423    0.000000
104.427597    152.324448    0.000000
106.015488    157.586182    0.000000
107.204437    161.575165    0.000000
108.354492    165.163147    0.000000
111.114059    169.736267    0.000000
114.719360    173.263824    0.000000
119.082504    176.426392    0.000000
124.123055    178.478699    0.000000
128.684738    179.768036    0.000000
132.540329    181.538849    0.000000
135.912216    183.915192    0.000000
139.100632    186.568481    0.000000
125.374092    182.356476    0.000000
119.862320    179.370270    0.000000
114.609451    176.966156    0.000000
111.460022    174.713898    0.000000
108.256210    172.402100    0.000000
105.289902    168.618179    0.000000
103.518494    163.633316    0.000000
101.596771    158.185425    0.000000
100.605515    154.059402    0.000000
100.447098    147.036865    0.000000
109.668213    177.769958    0.000000
105.019547    172.085114    0.000000
101.742065    166.347961    0.000000
100.816727    162.665924    0.000000
99.074234    155.749023    0.000000
136.521561    131.185715    0.000000
139.744858    130.532547    0.000000
146.005997    130.814850    0.000000
149.694992    129.954544    0.000000
154.077225    128.897369    0.000000
