1000
102.422134    140.762726    0.000000
107.881958    132.791443    0.000000
110.837326    130.091110    0.000000
110.785187    128.105240    0.000000
112.134171    126.465912    0.000000
120.442154    121.314957    0.000000
125.936256    118.870773    0.000000
128.461075    116.292648    0.000000
132.220016    114.620331    0.000000
139.043991    110.960968    0.000000
143.876816    110.612122    0.000000
149.114761    110.706589    0.000000
154.666092    106.989822    0.000000
161.818649    105.470490    0.000000
166.645065    105.263062    0.000000
179.087540    105.824036    0.000000
183.677078    107.731064    0.000000
190.463852    108.037079    0.000000
195.599747    110.393829    0.000000
201.210831    111.638580    0.000000
204.573563    115.615555    0.000000
206.792282    119.824280    0.000000
212.558701    123.909607    0.000000
214.604233    128.818924    0.000000
218.050888    134.074783    0.000000
218.318008    143.862732    0.000000
215.626328    147.000015    0.000000
213.328171    153.980392    0.000000
210.630051    157.259033    0.000000
205.245529    160.416611    0.000000
201.268570    163.779297    0.000000
197.838089    167.591629    0.000000
194.080185    172.381012    0.000000
188.662643    173.128510    0.000000
182.313858    175.675873    0.000000
172.565323    178.211639    0.000000
166.222977    180.617584    0.000000
158.620804    182.683411    0.000000
153.762436    183.597809    0.000000
147.483841    184.589813    0.000000
141.745285    186.173004    0.000000
134.624649    186.985352    0.000000
129.636581    184.493591    0.000000
124.924782    182.155975    0.000000
120.714920    181.257782    0.000000
112.879745    179.062683    0.000000
108.290344    177.155609    0.000000
104.092056    172.857605    0.000000
101.024887    168.610626    0.000000
100.480240    168.270187    0.000000
99.561783    164.825836    0.000000
98.413666    157.477921    0.000000
100.021011    147.144958    0.000000
129.724991    125.673187    0.000000
127.774849    127.757355    0.000000
127.411049    132.322098    0.000000
128.228714    134.333557    0.000000
130.214188    135.844833    0.000000
132.851212    136.042709    0.000000
135.040268    135.667496    0.000000
135.956711    133.734207    0.000000
136.126236    131.727707    0.000000
136.444107    129.056549    0.000000
138.014267    126.639297    0.000000
139.503922    124.257935    0.000000
136.772568    120.896408    0.000000
132.936234    123.645920    0.000000
164.460220    116.619736    0.000000
164.479996    114.645813    0.000000
165.301437    113.331650    0.000000
166.482956    112.484177    0.000000
169.170425    112.813202    0.000000
171.672897    114.173248    0.000000
174.368423    115.091644    0.000000
175.853928    115.955460    0.000000
178.063644    116.124390    0.000000
179.220810    117.354507    0.000000
179.064865    120.812012    0.000000
178.663864    124.327759    0.000000
178.237045    126.110092    0.000000
176.871689    127.191818    0.000000
174.281662    127.005768    0.000000
170.964218    122.975906    0.000000
169.227127    121.546417    0.000000
166.850204    119.707001    0.000000
164.968582    118.409546    0.000000
128.659775    129.955032    0.000000
129.303482    128.534821    0.000000
130.013260    128.219009    0.000000
131.352188    129.380783    0.000000
132.100143    132.076431    0.000000
132.033768    133.691589    0.000000
129.173508    132.702759    0.000000
142.774582    122.467361    0.000000
145.994431    122.747177    0.000000
149.867661    121.979019    0.000000
155.609085    121.598099    0.000000
158.604996    119.376160    0.000000
160.165604    118.369019    0.000000
160.851028    117.356110    0.000000
160.777176    116.005936    0.000000
157.713242    116.002487    0.000000
154.815994    116.780991    0.000000
151.865189    117.254028    0.000000
150.020065    117.103516    0.000000
146.452621    118.558929    0.000000
144.298965    118.529160    0.000000
142.891251    119.879913    0.000000
142.014786    120.648514    0.000000
175.362381    125.635635    0.000000
174.212387    124.304642    0.000000
173.988663    121.597916    0.000000
174.505386    119.339478    0.000000
175.499130    118.001419    0.000000
176.902542    117.546112    0.000000
177.697800    122.145462    0.000000
189.345474    107.703278    0.000000
190.977219    106.076706    0.000000
191.953140    103.287094    0.000000
197.119736    101.819901    0.000000
197.221725    99.557648    0.000000
198.821701    98.638016    0.000000
202.825302    97.826736    0.000000
206.358932    94.869110    0.000000
209.827682    90.208374    0.000000
213.502731    87.257141    0.000000
218.194138    86.901917    0.000000
221.318741    89.876389    0.000000
224.578232    92.998642    0.000000
228.383133    93.453522    0.000000
229.919266    93.947845    0.000000
232.740768    94.216721    0.000000
233.088486    95.932526    0.000000
229.985336    98.767883    0.000000
228.534286    102.669540    0.000000
227.950790    106.185196    0.000000
224.135422    112.247086    0.000000
219.805618    117.152359    0.000000
214.047897    119.159622    0.000000
208.964188    118.788742    0.000000
206.129990    118.802628    0.000000
218.470657    87.056030    0.000000
219.118973    85.243439    0.000000
220.012009    84.291962    0.000000
220.055557    80.185242    0.000000
220.786850    76.534485    0.000000
220.374222    73.115585    0.000000
221.170486    71.167969    0.000000
220.905655    67.614075    0.000000
222.157883    64.978638    0.000000
224.579544    61.545780    0.000000
228.505478    59.314243    0.000000
233.408432    57.410099    0.000000
234.777786    58.463596    0.000000
236.622208    58.405094    0.000000
238.480606    61.180790    0.000000
240.409042    62.401157    0.000000
241.766800    66.854446    0.000000
242.180496    73.390350    0.000000
242.946030    75.266693    0.000000
242.491074    79.071564    0.000000
242.813278    81.352936    0.000000
240.076950    85.479996    0.000000
236.684647    88.443970    0.000000
234.488419    93.162048    0.000000
232.605789    94.068939    0.000000
221.733658    64.959503    0.000000
219.104630    63.565830    0.000000
216.790237    61.478001    0.000000
215.381516    58.155827    0.000000
214.454422    53.580250    0.000000
214.245651    48.401619    0.000000
214.239792    44.698952    0.000000
214.483353    39.623146    0.000000
215.499466    36.193565    0.000000
217.277756    33.399132    0.000000
216.515701    30.350624    0.000000
212.959061    21.967293    0.000000
209.021439    14.473022    0.000000
205.083817    7.740952    0.000000
200.638107    1.643967    0.000000
204.575729    3.549294    0.000000
212.959061    10.281319    0.000000
232.393265    33.399132    0.000000
237.092972    40.639275    0.000000
239.506424    47.117302    0.000000
238.628342    61.045734    0.000000
239.899704    57.986103    0.000000
239.904984    54.727726    0.000000
239.922958    51.186558    0.000000
239.498215    46.514198    0.000000
226.852707    108.544235    0.000000
234.509689    108.948044    0.000000
240.626175    110.526459    0.000000
244.360306    108.679596    0.000000
247.521469    108.909378    0.000000
247.722427    113.877228    0.000000
249.433121    116.787964    0.000000
252.666061    117.358749    0.000000
250.276260    120.084579    0.000000
247.159225    120.085754    0.000000
242.931320    122.728714    0.000000
240.784958    123.198669    0.000000
235.985092    125.957520    0.000000
232.528000    127.218460    0.000000
228.030045    129.565918    0.000000
225.183090    129.862610    0.000000
221.076340    129.819122    0.000000
215.002884    129.403610    0.000000
247.792709    108.882080    0.000000
252.571396    107.267471    0.000000
256.072327    103.067993    0.000000
257.969177    101.584869    0.000000
260.289215    100.382263    0.000000
261.570984    102.880157    0.000000
265.323151    104.705093    0.000000
269.518005    106.375702    0.000000
271.866180    106.481583    0.000000
270.171326    109.280975    0.000000
267.254242    110.195236    0.000000
263.538818    111.422089    0.000000
260.191498    114.147003    0.000000
256.986145    115.658264    0.000000
252.642349    117.292511    0.000000
260.550110    100.394012    0.000000
262.379700    98.472153    0.000000
263.880341    94.182465    0.000000
266.488007    90.465622    0.000000
268.483704    88.725494    0.000000
271.174377    85.099548    0.000000
274.075073    82.615921    0.000000
276.940491    80.915054    0.000000
278.233215    81.234772    0.000000
278.487000    83.337692    0.000000
281.068634    84.064117    0.000000
284.456573    84.304001    0.000000
285.511932    84.090149    0.000000
285.607452    85.837372    0.000000
284.501740    89.099136    0.000000
282.440155    94.234955    0.000000
279.476746    98.110092    0.000000
276.805634    101.301208    0.000000
276.825928    102.783615    0.000000
274.553680    104.859833    0.000000
271.703186    106.556793    0.000000
278.150146    81.143814    0.000000
282.571045    73.935715    0.000000
286.094757    67.297195    0.000000
289.247040    61.164783    0.000000
290.758698    54.696934    0.000000
291.713226    48.988289    0.000000
293.230560    57.858479    0.000000
293.184906    62.736668    0.000000
292.154510    66.263184    0.000000
292.163666    69.923721    0.000000
289.975861    75.925369    0.000000
287.297607    81.207703    0.000000
285.428864    83.999268    0.000000
218.428024    134.320068    0.000000
225.701279    134.278290    0.000000
230.967850    135.008698    0.000000
236.296341    137.097580    0.000000
240.987778    139.650757    0.000000
243.067612    139.990982    0.000000
242.723740    147.616608    0.000000
243.546921    151.227768    0.000000
243.603287    152.709229    0.000000
245.057022    153.267776    0.000000
244.856461    154.984116    0.000000
230.326584    154.698776    0.000000
220.358566    154.372620    0.000000
215.232620    155.990128    0.000000
213.701248    157.153564    0.000000
212.135605    156.343521    0.000000
242.961288    139.880112    0.000000
245.894333    134.695709    0.000000
249.052444    132.989441    0.000000
254.675827    131.271118    0.000000
257.124603    131.627975    0.000000
259.310822    132.342758    0.000000
260.105255    133.857483    0.000000
258.675598    138.229797    0.000000
256.658722    141.959412    0.000000
256.855865    145.788879    0.000000
254.178757    147.763321    0.000000
251.663467    148.882355    0.000000
248.394547    153.048477    0.000000
245.216049    153.304840    0.000000
246.963150    133.863449    0.000000
245.868210    132.422119    0.000000
245.867569    130.720840    0.000000
247.438248    128.471741    0.000000
249.916367    123.247589    0.000000
251.586319    118.852615    0.000000
259.906860    133.209702    0.000000
261.492065    132.353241    0.000000
262.564392    129.153687    0.000000
262.875916    127.389114    0.000000
262.980255    125.073898    0.000000
263.628265    122.705872    0.000000
265.559906    119.313080    0.000000
267.362091    117.074417    0.000000
268.234772    114.871140    0.000000
270.383881    111.797485    0.000000
271.393524    109.987061    0.000000
272.127533    106.283936    0.000000
260.051453    135.616547    0.000000
260.867157    135.756088    0.000000
262.702667    133.783905    0.000000
266.458740    132.514832    0.000000
269.753784    132.355164    0.000000
271.832367    131.832367    0.000000
276.581329    131.327286    0.000000
280.039062    129.839249    0.000000
281.702820    129.400528    0.000000
283.758209    129.390457    0.000000
282.822327    131.916916    0.000000
280.255035    134.164307    0.000000
275.916992    136.948318    0.000000
270.455566    139.578979    0.000000
266.802094    140.852707    0.000000
264.766022    142.713058    0.000000
258.815063    144.807922    0.000000
257.076569    144.626816    0.000000
198.974899    166.255280    0.000000
201.441238    168.524078    0.000000
202.643967    169.194794    0.000000
202.485947    170.420624    0.000000
200.109879    172.984894    0.000000
200.083847    178.120972    0.000000
197.877670    177.528137    0.000000
195.587173    175.465546    0.000000
193.855087    172.702850    0.000000
202.576950    169.437897    0.000000
208.036789    170.362671    0.000000
217.269730    170.676117    0.000000
230.301224    171.058228    0.000000
239.776291    170.560638    0.000000
244.488388    170.875854    0.000000
246.408768    171.578918    0.000000
246.842911    173.345184    0.000000
245.300278    173.378387    0.000000
244.368149    173.541840    0.000000
244.522385    174.678986    0.000000
244.648941    176.431366    0.000000
243.749985    178.137512    0.000000
242.949020    179.950836    0.000000
241.574478    180.813599    0.000000
238.190659    180.661011    0.000000
237.076645    180.302521    0.000000
233.385300    180.136139    0.000000
225.382736    179.878082    0.000000
221.076248    179.683929    0.000000
219.472610    178.789673    0.000000
214.863052    178.479065    0.000000
210.775436    177.986572    0.000000
205.737259    178.067657    0.000000
201.430740    177.873474    0.000000
199.985947    178.013824    0.000000
246.994339    172.388824    0.000000
249.626205    172.507477    0.000000
253.061447    174.310669    0.000000
255.758591    175.421295    0.000000
260.689423    178.171021    0.000000
264.813110    181.763519    0.000000
264.529419    183.179291    0.000000
268.592957    185.670135    0.000000
271.939056    189.447296    0.000000
271.640594    191.192047    0.000000
271.705780    192.183990    0.000000
269.513397    194.502686    0.000000
265.396484    195.635712    0.000000
260.715424    194.655487    0.000000
256.467255    191.387054    0.000000
254.123886    189.743011    0.000000
251.645157    186.224701    0.000000
250.617722    184.639893    0.000000
247.491806    183.290222    0.000000
245.123611    182.194458    0.000000
243.124069    180.236206    0.000000
219.673874    63.822483    0.000000
221.394089    60.674915    0.000000
225.047165    57.271336    0.000000
229.457260    55.342930    0.000000
232.715958    54.597828    0.000000
237.565781    55.090961    0.000000
239.873032    57.184925    0.000000
217.036575    61.439152    0.000000
219.967239    57.316792    0.000000
224.037399    53.794865    0.000000
229.194504    52.037327    0.000000
234.908768    50.099125    0.000000
239.627762    50.449100    0.000000
215.111282    56.960636    0.000000
219.676193    53.117832    0.000000
223.286087    50.673008    0.000000
227.322800    49.414005    0.000000
230.820908    47.924843    0.000000
238.029984    47.838127    0.000000
239.595810    48.114571    0.000000
214.421646    52.469212    0.000000
218.330154    49.488895    0.000000
221.918381    47.523430    0.000000
226.098251    46.133629    0.000000
230.378403    43.817848    0.000000
234.951401    43.537849    0.000000
238.684555    44.284492    0.000000
214.308304    48.895851    0.000000
217.945938    45.834755    0.000000
222.072220    43.911171    0.000000
225.618607    43.164543    0.000000
230.191696    41.484627    0.000000
234.578079    41.204674    0.000000
238.031204    41.671303    0.000000
214.404617    48.282600    0.000000
215.748611    54.999393    0.000000
218.227982    59.365620    0.000000
220.688187    62.633045    0.000000
222.621658    63.886814    0.000000
224.158585    61.760212    0.000000
220.779770    57.559269    0.000000
220.293655    56.165012    0.000000
219.144302    54.260441    0.000000
217.807510    50.426044    0.000000
217.544327    45.610771    0.000000
217.405807    42.324562    0.000000
217.499130    38.218178    0.000000
217.405807    33.458382    0.000000
229.729111    58.443119    0.000000
226.870865    56.392918    0.000000
224.501266    54.158848    0.000000
223.426682    52.120411    0.000000
223.198471    49.571171    0.000000
222.817947    47.358131    0.000000
222.867386    46.262444    0.000000
221.605545    41.671303    0.000000
220.672287    37.844841    0.000000
220.298996    34.578346    0.000000
217.872421    33.178444    0.000000
231.820602    57.713993    0.000000
231.838608    55.793385    0.000000
231.097092    53.975895    0.000000
227.886642    50.605961    0.000000
226.979813    47.888893    0.000000
226.238327    46.071327    0.000000
225.618607    41.951241    0.000000
224.312057    38.031517    0.000000
222.165512    33.458382    0.000000
220.672287    31.778511    0.000000
218.245773    27.392082    0.000000
216.472519    23.845650    0.000000
213.392654    19.272591    0.000000
209.192917    13.206268    0.000000
207.046402    10.219788    0.000000
234.619064    58.045979    0.000000
235.356400    56.912693    0.000000
234.972672    54.768162    0.000000
235.024582    52.094303    0.000000
234.323318    49.386509    0.000000
232.401627    46.349220    0.000000
230.845016    42.324562    0.000000
229.071732    37.564888    0.000000
225.898666    32.431847    0.000000
223.938766    28.885399    0.000000
220.952225    24.218956    0.000000
217.219162    18.432625    0.000000
213.299362    13.672905    0.000000
209.379562    9.193138    0.000000
202.753342    3.406822    0.000000
239.820023    56.839451    0.000000
239.532547    54.081715    0.000000
238.635056    51.159153    0.000000
238.382126    49.157810    0.000000
237.182938    46.839226    0.000000
233.924789    40.551353    0.000000
230.938339    35.231682    0.000000
227.858505    28.325371    0.000000
222.230179    65.488831    0.000000
222.317490    69.543976    0.000000
222.738022    72.196167    0.000000
222.206680    76.493423    0.000000
221.763962    80.322098    0.000000
221.918655    84.380234    0.000000
221.953720    88.095383    0.000000
222.242538    90.674164    0.000000
223.016098    86.995438    0.000000
223.167465    82.140869    0.000000
223.661179    75.681274    0.000000
225.560959    69.487610    0.000000
226.150558    65.395538    0.000000
226.292831    60.743107    0.000000
230.157333    58.891758    0.000000
230.333725    63.963688    0.000000
229.486740    67.774109    0.000000
228.762405    71.860123    0.000000
227.722397    75.459290    0.000000
227.469162    78.081116    0.000000
227.098862    78.807129    0.000000
227.175552    87.588074    0.000000
226.083359    90.847275    0.000000
225.621292    92.109314    0.000000
224.846725    92.817139    0.000000
234.233658    58.332829    0.000000
233.980423    60.954655    0.000000
234.487808    66.176514    0.000000
234.461472    69.753845    0.000000
235.022903    72.277390    0.000000
234.864395    74.295868    0.000000
234.991135    77.474915    0.000000
233.884262    82.556519    0.000000
231.004715    89.516205    0.000000
229.520370    92.487671    0.000000
228.537521    93.321106    0.000000
238.672897    61.706364    0.000000
238.965866    67.188629    0.000000
239.158066    73.409103    0.000000
238.749374    77.982025    0.000000
237.283768    82.034592    0.000000
235.337418    86.268097    0.000000
234.443741    88.118286    0.000000
233.819656    89.980759    0.000000
232.650314    91.953583    0.000000
232.191391    93.148254    0.000000
231.689346    93.800781    0.000000
241.529526    67.236710    0.000000
241.320969    74.857025    0.000000
241.493820    78.510834    0.000000
240.628036    81.240097    0.000000
240.099167    83.984543    0.000000
238.492203    86.680389    0.000000
220.151535    84.638153    0.000000
220.722000    86.959534    0.000000
223.479172    88.704285    0.000000
226.303665    90.452072    0.000000
229.902939    91.492126    0.000000
232.797256    91.690125    0.000000
235.100479    91.523895    0.000000
220.263931    82.145004    0.000000
222.307724    84.735336    0.000000
226.238266    87.410812    0.000000
227.840317    87.820602    0.000000
232.287491    88.021103    0.000000
234.719376    87.995697    0.000000
236.796036    88.359436    0.000000
220.795242    77.847717    0.000000
222.958664    80.781067    0.000000
226.080612    83.420044    0.000000
228.999802    84.564468    0.000000
232.574142    84.658096    0.000000
235.756332    84.463898    0.000000
238.344162    83.972961    0.000000
240.396042    83.390259    0.000000
242.288315    81.855118    0.000000
220.803268    74.674667    0.000000
222.515732    75.629639    0.000000
224.234268    76.449814    0.000000
226.127548    77.885529    0.000000
229.003708    78.487885    0.000000
231.898178    78.685883    0.000000
235.138535    78.696930    0.000000
238.173843    78.766296    0.000000
240.339157    78.661331    0.000000
241.919418    78.057404    0.000000
242.770493    77.150513    0.000000
220.845291    72.245834    0.000000
222.982742    71.261902    0.000000
225.558456    71.040451    0.000000
228.869247    70.987198    0.000000
234.667221    71.181046    0.000000
236.639572    70.864868    0.000000
238.783615    71.231583    0.000000
240.833023    72.201782    0.000000
241.966354    72.522919    0.000000
221.187180    69.155365    0.000000
222.528183    67.865463    0.000000
224.981247    67.368408    0.000000
226.335007    67.294342    0.000000
228.059067    66.494370    0.000000
230.031357    66.178162    0.000000
231.400253    65.767242    0.000000
234.435532    65.836578    0.000000
236.202621    65.578644    0.000000
238.815353    66.034058    0.000000
241.477310    66.896774    0.000000
222.187057    64.946732    0.000000
224.235947    64.431458    0.000000
226.168198    63.505802    0.000000
229.190720    62.359226    0.000000
231.858200    61.601688    0.000000
234.712601    61.190250    0.000000
237.208725    61.235233    0.000000
238.685043    61.436863    0.000000
191.828354    103.723511    0.000000
192.811478    106.007843    0.000000
195.291000    108.223969    0.000000
197.141983    109.325638    0.000000
198.032333    110.655487    0.000000
196.994583    102.055786    0.000000
200.081253    105.860474    0.000000
204.353836    110.465347    0.000000
207.554672    114.750351    0.000000
208.931931    117.324020    0.000000
208.938614    118.681931    0.000000
199.111832    98.757202    0.000000
203.550369    102.690765    0.000000
206.307541    106.276978    0.000000
208.787643    109.986420    0.000000
210.620804    112.987946    0.000000
213.125320    116.155472    0.000000
215.722122    118.784134    0.000000
204.838333    96.707458    0.000000
208.056931    99.092590    0.000000
210.490646    102.324860    0.000000
212.271896    106.477951    0.000000
212.389633    108.383972    0.000000
214.355331    111.459320    0.000000
216.511948    114.814789    0.000000
218.403152    116.529175    0.000000
219.185593    117.243271    0.000000
208.427017    92.389160    0.000000
211.648697    94.706528    0.000000
213.589951    98.323883    0.000000
215.118576    102.058350    0.000000
215.454697    103.634705    0.000000
217.848801    107.747604    0.000000
219.570908    110.201096    0.000000
222.758469    111.770294    0.000000
223.962509    112.163940    0.000000
211.868027    88.335724    0.000000
213.817856    90.256348    0.000000
214.948654    92.275879    0.000000
216.418198    94.310654    0.000000
217.768021    97.494019    0.000000
218.581467    99.024078    0.000000
220.423874    101.822388    0.000000
223.932297    105.306656    0.000000
225.567856    106.670135    0.000000
227.313858    107.088257    0.000000
225.547623    93.568329    0.000000
224.587570    95.289932    0.000000
224.788803    98.353607    0.000000
224.485367    102.073380    0.000000
224.813522    106.839783    0.000000
224.256882    108.647491    0.000000
222.557785    110.199982    0.000000
220.769485    112.223648    0.000000
218.664413    115.251205    0.000000
218.415878    117.751602    0.000000
224.979813    98.633728    0.000000
227.608963    97.530457    0.000000
230.657455    97.667877    0.000000
230.074081    94.043884    0.000000
229.566879    96.261124    0.000000
228.114334    98.367783    0.000000
226.969406    99.673798    0.000000
226.653152    102.171066    0.000000
226.919113    105.305573    0.000000
225.993729    109.268814    0.000000
218.367752    87.203262    0.000000
216.582565    89.159164    0.000000
214.945633    92.343628    0.000000
213.209824    94.709076    0.000000
211.772476    96.477020    0.000000
210.199692    98.238861    0.000000
208.608597    100.407227    0.000000
207.368332    102.319870    0.000000
205.758896    104.894592    0.000000
203.555038    107.103195    0.000000
201.566574    109.049957    0.000000
200.304489    109.943375    0.000000
196.637558    102.446960    0.000000
198.104538    106.042892    0.000000
198.092911    107.807220    0.000000
198.471848    108.435287    0.000000
198.371078    110.670776    0.000000
194.016647    109.388367    0.000000
194.505630    107.577606    0.000000
197.294174    104.445084    0.000000
194.396530    103.975067    0.000000
195.997910    104.590271    0.000000
196.709396    105.369064    0.000000
197.916580    105.695007    0.000000
208.411758    92.727844    0.000000
207.252060    95.865936    0.000000
205.513229    98.299118    0.000000
204.045303    100.744507    0.000000
201.776840    102.882324    0.000000
199.311111    104.875443    0.000000
221.020004    90.105911    0.000000
219.327469    93.016357    0.000000
217.465927    96.665894    0.000000
216.231888    98.442993    0.000000
214.101883    100.519150    0.000000
213.224808    101.905060    0.000000
212.637589    104.390182    0.000000
211.249710    106.567627    0.000000
208.701004    108.896439    0.000000
206.946304    110.174942    0.000000
205.136093    111.179398    0.000000
203.242966    112.519531    0.000000
224.007889    93.091644    0.000000
222.348984    95.256866    0.000000
221.777603    98.896667    0.000000
220.442154    101.415894    0.000000
219.029800    104.135330    0.000000
217.814621    106.999390    0.000000
216.319260    110.054459    0.000000
214.657364    112.287491    0.000000
212.604263    114.163467    0.000000
210.061142    114.863358    0.000000
208.016647    115.042709    0.000000
206.378555    115.240356    0.000000
204.552597    115.090179    0.000000
209.221786    118.423172    0.000000
209.880356    117.366821    0.000000
212.725601    117.495056    0.000000
215.493271    116.330109    0.000000
217.968155    114.133774    0.000000
220.193314    111.451004    0.000000
222.575516    108.300140    0.000000
223.861496    105.371368    0.000000
224.895462    103.517334    0.000000
227.130417    102.124741    0.000000
228.734299    101.178864    0.000000
216.859665    89.035889    0.000000
218.997482    91.304474    0.000000
220.833664    94.238220    0.000000
221.955338    96.460968    0.000000
223.628067    98.504929    0.000000
224.623337    100.518326    0.000000
279.760651    83.875122    0.000000
280.811340    81.740799    0.000000
281.355133    80.265472    0.000000
282.761292    77.806320    0.000000
285.329803    73.763336    0.000000
287.517639    69.089645    0.000000
288.709961    65.325516    0.000000
289.596405    62.297581    0.000000
291.091644    57.865330    0.000000
291.781494    50.124271    0.000000
283.437836    83.972702    0.000000
284.417328    81.903397    0.000000
285.322723    79.967133    0.000000
287.001190    77.520233    0.000000
288.073395    74.909683    0.000000
289.269257    72.577454    0.000000
290.431000    69.493698    0.000000
291.029999    66.793640    0.000000
291.517914    65.043030    0.000000
291.408356    61.424793    0.000000
292.017151    60.020512    0.000000
292.563873    58.477146    0.000000
292.413910    54.243382    0.000000
292.038300    50.476719    0.000000
280.803589    77.377197    0.000000
281.577637    79.866425    0.000000
282.873993    81.356598    0.000000
284.553406    81.909515    0.000000
286.449310    82.199524    0.000000
282.070679    74.979935    0.000000
283.286713    76.739182    0.000000
285.439301    77.381683    0.000000
287.604279    77.751984    0.000000
289.101105    77.819458    0.000000
284.138275    71.459778    0.000000
284.976837    72.520264    0.000000
287.163727    73.914230    0.000000
289.266754    74.145401    0.000000
290.642914    73.866531    0.000000
285.624847    68.731598    0.000000
287.255280    70.373154    0.000000
290.375824    70.718399    0.000000
291.894073    70.309601    0.000000
287.401886    65.607422    0.000000
288.444580    66.677078    0.000000
291.011566    67.201889    0.000000
292.115540    66.910767    0.000000
288.835785    62.535984    0.000000
290.026642    63.339573    0.000000
291.860687    63.490452    0.000000
292.973816    62.995258    0.000000
262.450043    98.590393    0.000000
263.919098    100.894958    0.000000
266.955017    103.330734    0.000000
269.194702    104.641647    0.000000
271.722321    104.937073    0.000000
274.200409    104.988327    0.000000
263.999298    95.090942    0.000000
265.506836    97.881256    0.000000
268.608643    100.198959    0.000000
271.811615    101.613785    0.000000
276.391937    102.001801    0.000000
265.916046    91.487122    0.000000
266.800934    94.672821    0.000000
269.290802    97.144424    0.000000
273.393951    98.720825    0.000000
276.873871    99.361694    0.000000
278.204803    99.361176    0.000000
268.884338    88.717072    0.000000
270.153137    91.436172    0.000000
271.882690    93.328995    0.000000
274.800140    94.367996    0.000000
276.457977    95.168671    0.000000
279.589203    95.491348    0.000000
281.523926    95.518051    0.000000
271.270569    85.436890    0.000000
272.668274    87.980255    0.000000
274.274445    89.928040    0.000000
276.747467    91.430939    0.000000
278.174652    91.979309    0.000000
281.014923    92.046844    0.000000
282.872986    92.433136    0.000000
274.233307    82.787628    0.000000
275.222076    85.010056    0.000000
277.376923    86.861618    0.000000
279.512299    87.804825    0.000000
282.407593    87.995895    0.000000
284.394379    88.206451    0.000000
263.090668    101.825592    0.000000
264.234467    100.606750    0.000000
265.117432    98.468643    0.000000
266.411865    96.591171    0.000000
267.686981    93.805267    0.000000
270.295654    90.958588    0.000000
271.669708    88.661194    0.000000
273.496735    87.049622    0.000000
275.705048    85.031845    0.000000
278.080902    83.324036    0.000000
266.192444    104.143295    0.000000
267.130249    102.128738    0.000000
268.614044    100.078262    0.000000
271.335419    97.418060    0.000000
274.243164    94.645355    0.000000
275.614471    92.408310    0.000000
277.408386    90.190308    0.000000
278.368500    89.023697    0.000000
278.623016    87.401764    0.000000
279.580353    86.295532    0.000000
280.993011    84.483810    0.000000
270.460419    106.090134    0.000000
272.001953    104.102753    0.000000
273.622833    101.695496    0.000000
275.576080    99.968658    0.000000
277.789948    97.830093    0.000000
279.309662    96.325668    0.000000
280.733124    94.272491    0.000000
282.225128    92.040894    0.000000
283.225983    89.968643    0.000000
284.764771    88.041672    0.000000
247.791122    112.268951    0.000000
249.841721    110.760132    0.000000
251.494980    110.453400    0.000000
253.801620    109.184830    0.000000
256.350006    106.783401    0.000000
258.571594    104.862885    0.000000
260.701416    102.442627    0.000000
248.874954    115.291611    0.000000
251.909592    113.941544    0.000000
255.135971    111.723190    0.000000
258.299927    109.197021    0.000000
262.162506    106.397354    0.000000
264.974030    104.922806    0.000000
254.314163    115.574997    0.000000
257.078766    113.450211    0.000000
260.350037    111.081390    0.000000
264.847382    108.577209    0.000000
268.225952    106.365692    0.000000
250.631241    108.470016    0.000000
250.412491    110.785843    0.000000
250.784958    112.670837    0.000000
251.750656    114.086853    0.000000
252.956467    115.246902    0.000000
255.630386    115.977493    0.000000
252.417526    107.749908    0.000000
253.364182    109.584488    0.000000
255.014999    111.870224    0.000000
256.030579    113.021683    0.000000
257.525055    113.699081    0.000000
259.671509    114.291473    0.000000
255.707291    104.123764    0.000000
256.152863    106.927048    0.000000
257.483368    108.702698    0.000000
258.936798    110.293243    0.000000
260.376038    111.349457    0.000000
262.133514    112.114914    0.000000
258.675903    101.703125    0.000000
259.937622    104.161972    0.000000
261.897888    106.347290    0.000000
263.633057    107.607422    0.000000
265.323151    109.018036    0.000000
267.270782    109.792084    0.000000
223.937881    113.025604    0.000000
226.772385    113.104477    0.000000
232.050735    113.244583    0.000000
238.281052    112.889359    0.000000
242.154160    112.721451    0.000000
243.297195    112.332596    0.000000
247.252609    112.510971    0.000000
210.474594    121.862457    0.000000
213.328964    121.501816    0.000000
217.552750    121.154007    0.000000
223.237167    120.969864    0.000000
227.192184    120.071716    0.000000
232.141525    118.826904    0.000000
238.136185    117.188812    0.000000
243.797745    115.340027    0.000000
245.992935    115.487930    0.000000
247.512894    114.333160    0.000000
213.965378    125.836502    0.000000
219.281570    126.222961    0.000000
224.848038    125.397446    0.000000
228.190659    125.058853    0.000000
233.190994    123.767380    0.000000
238.614975    121.761108    0.000000
243.865768    119.257629    0.000000
245.017502    118.673431    0.000000
247.665451    118.548157    0.000000
249.440659    117.160217    0.000000
213.084030    119.337769    0.000000
213.275681    121.597290    0.000000
214.740036    126.018219    0.000000
215.497574    127.667130    0.000000
216.698990    129.238174    0.000000
217.227798    118.594894    0.000000
217.344223    121.438202    0.000000
218.486130    124.327759    0.000000
218.981949    126.356262    0.000000
219.541885    128.045197    0.000000
219.427017    129.507980    0.000000
222.167496    115.392380    0.000000
222.290939    119.165695    0.000000
223.323868    121.218445    0.000000
223.719681    123.291428    0.000000
224.588425    125.728287    0.000000
224.680283    128.032227    0.000000
224.301437    129.923477    0.000000
226.535812    109.668564    0.000000
226.657059    113.490723    0.000000
226.791611    117.019867    0.000000
226.674484    118.531494    0.000000
227.432022    120.180359    0.000000
227.621506    122.488724    0.000000
228.079453    124.270889    0.000000
228.397385    125.899979    0.000000
228.850510    126.703354    0.000000
228.910690    127.537872    0.000000
229.459274    128.394501    0.000000
232.157761    108.698730    0.000000
231.903397    111.084961    0.000000
232.148697    114.325531    0.000000
232.008224    118.527313    0.000000
232.231186    121.179657    0.000000
233.184372    123.913864    0.000000
232.954605    126.839462    0.000000
238.362106    110.006058    0.000000
237.996750    112.680817    0.000000
238.275223    115.188904    0.000000
238.009842    117.819275    0.000000
238.554367    119.850021    0.000000
238.603958    122.005219    0.000000
238.658066    124.062790    0.000000
242.166641    110.275452    0.000000
242.289322    111.895721    0.000000
242.287888    114.097565    0.000000
243.165512    116.339050    0.000000
242.886063    117.109390    0.000000
244.109848    119.268631    0.000000
244.252304    120.449432    0.000000
244.800949    121.305969    0.000000
249.254257    132.744949    0.000000
248.933487    129.528244    0.000000
251.267258    126.838837    0.000000
252.415329    124.619934    0.000000
253.784805    121.363083    0.000000
254.544388    118.719116    0.000000
254.921371    116.814774    0.000000
253.516312    131.190460    0.000000
253.388718    128.855820    0.000000
255.880539    125.241959    0.000000
257.020111    121.916504    0.000000
257.938446    119.629013    0.000000
258.505402    117.383896    0.000000
258.465179    115.693695    0.000000
257.454285    131.659073    0.000000
257.305237    128.508377    0.000000
258.022949    126.794113    0.000000
261.169159    121.579559    0.000000
261.456085    119.088913    0.000000
262.432434    116.804092    0.000000
262.941254    114.556366    0.000000
263.154968    113.692657    0.000000
261.765656    113.513626    0.000000
258.835632    132.012497    0.000000
258.922058    130.095062    0.000000
259.782684    129.085861    0.000000
260.315155    126.315216    0.000000
261.925446    124.175400    0.000000
262.626892    121.528854    0.000000
264.152405    118.686539    0.000000
264.857056    117.262756    0.000000
