1443
158.485214    127.270966    0.000000
161.537338    125.355362    0.000000
164.496201    122.979218    0.000000
167.020248    120.127213    0.000000
172.362228    125.615250    0.000000
169.775650    127.323730    0.000000
167.282455    129.492691    0.000000
163.650803    131.610367    0.000000
160.583298    133.867538    0.000000
156.408127    135.390305    0.000000
153.045273    136.607498    0.000000
150.468887    138.088333    0.000000
146.375900    137.789749    0.000000
141.480850    137.569016    0.000000
139.406174    138.045822    0.000000
133.941940    137.799484    0.000000
130.258072    138.545944    0.000000
126.480904    138.831955    0.000000
122.678055    139.687103    0.000000
119.604446    139.548523    0.000000
115.682617    140.512405    0.000000
112.102280    141.491684    0.000000
108.868683    142.372528    0.000000
105.314072    142.782593    0.000000
104.005310    143.978363    0.000000
101.821945    144.336197    0.000000
127.172279    133.615952    0.000000
122.608536    133.638306    0.000000
120.109238    133.411560    0.000000
116.772018    134.059586    0.000000
112.880966    134.340424    0.000000
109.202255    134.973083    0.000000
106.454788    135.191391    0.000000
127.345894    127.235901    0.000000
122.637497    127.936172    0.000000
117.623520    127.824158    0.000000
113.846313    128.110153    0.000000
131.365219    124.109100    0.000000
131.607346    121.268265    0.000000
243.951096    179.014526    0.000000
245.486923    178.612762    0.000000
247.886185    176.470520    0.000000
248.259995    172.823944    0.000000
244.338730    180.863708    0.000000
247.550583    180.432831    0.000000
250.483932    178.053009    0.000000
252.066452    175.455261    0.000000
252.443405    174.059235    0.000000
247.230942    182.878143    0.000000
250.195847    182.122131    0.000000
253.271774    180.062744    0.000000
255.018021    177.315399    0.000000
255.112228    175.226288    0.000000
250.816360    184.609863    0.000000
253.183151    184.350220    0.000000
257.581665    183.135468    0.000000
260.384308    180.174072    0.000000
260.461945    178.450531    0.000000
264.174316    183.171051    0.000000
260.609497    185.627075    0.000000
256.156342    186.891663    0.000000
251.921005    186.805420    0.000000
267.902222    185.223175    0.000000
263.506866    188.688477    0.000000
259.279083    189.596893    0.000000
253.897202    189.406586    0.000000
271.564209    188.737732    0.000000
269.518677    191.157593    0.000000
266.549164    192.018066    0.000000
262.057465    191.815521    0.000000
256.532990    191.304810    0.000000
271.121765    192.747528    0.000000
265.405670    194.164581    0.000000
259.669922    193.696625    0.000000
243.974625    178.492188    0.000000
245.380081    178.660278    0.000000
247.806992    180.549072    0.000000
251.302536    183.114075    0.000000
253.146713    188.640076    0.000000
244.982620    175.868561    0.000000
247.777054    176.570251    0.000000
250.631241    178.269012    0.000000
253.461899    180.490021    0.000000
254.646622    180.909790    0.000000
257.446594    183.809753    0.000000
259.342316    187.035339    0.000000
261.584686    190.695221    0.000000
262.948181    192.954742    0.000000
264.713013    195.598724    0.000000
247.173019    173.716949    0.000000
251.209152    174.736298    0.000000
254.343796    177.180328    0.000000
257.983673    178.862152    0.000000
260.370117    180.487427    0.000000
262.844543    182.483063    0.000000
263.633636    184.716736    0.000000
267.164825    187.649689    0.000000
269.235931    190.464508    0.000000
270.303070    193.495636    0.000000
268.029327    195.172577    0.000000
266.596649    192.124878    0.000000
263.729828    188.384521    0.000000
261.677551    185.151886    0.000000
264.230682    195.837494    0.000000
260.177216    211.838837    0.000000
271.415924    192.915955    0.000000
266.313293    195.714996    0.000000
266.344574    200.779358    0.000000
265.329407    205.060913    0.000000
261.554871    211.035492    0.000000
268.327118    195.199982    0.000000
268.387604    199.616547    0.000000
267.686401    203.652618    0.000000
265.239838    207.047394    0.000000
261.156494    211.233917    0.000000
264.668396    195.727386    0.000000
267.057892    197.436218    0.000000
269.460724    197.890778    0.000000
270.869904    197.348450    0.000000
264.759674    198.500977    0.000000
266.538696    200.312103    0.000000
268.419464    200.829620    0.000000
269.854279    200.677979    0.000000
264.964996    201.625916    0.000000
266.600494    202.781464    0.000000
268.365326    202.990845    0.000000
269.505646    202.652832    0.000000
264.592926    204.118988    0.000000
265.794739    205.298248    0.000000
267.290619    205.711884    0.000000
263.741943    206.677002    0.000000
264.535278    207.318573    0.000000
265.911285    207.510406    0.000000
217.872421    32.805138    0.000000
220.485611    32.991753    0.000000
225.525314    30.565254    0.000000
227.205246    26.832146    0.000000
216.565811    29.631981    0.000000
219.738968    30.005318    0.000000
223.658768    27.392082    0.000000
225.338669    23.472374    0.000000
214.885910    25.898888    0.000000
218.059006    26.272163    0.000000
220.858963    24.405647    0.000000
221.978836    21.232460    0.000000
213.205978    22.165764    0.000000
217.125778    22.725731    0.000000
219.179001    20.859169    0.000000
220.112289    17.312691    0.000000
211.152756    18.619286    0.000000
214.512650    19.179283    0.000000
216.192551    18.432625    0.000000
218.059006    15.819473    0.000000
209.846207    15.072815    0.000000
213.205978    15.632790    0.000000
215.072586    14.886147    0.000000
216.005905    13.579559    0.000000
207.979691    12.459648    0.000000
211.339523    12.459648    0.000000
212.832748    10.966431    0.000000
205.179855    9.286499    0.000000
208.912949    9.099831    0.000000
209.286301    7.046608    0.000000
216.752487    34.111748    0.000000
221.045547    35.044975    0.000000
224.965378    33.925056    0.000000
227.765182    31.498558    0.000000
228.885147    29.258690    0.000000
215.259201    38.218178    0.000000
219.552322    38.218178    0.000000
224.218704    37.098228    0.000000
228.138504    35.418282    0.000000
230.938339    34.858360    0.000000
232.058273    33.178444    0.000000
214.512650    43.817848    0.000000
218.245773    41.577950    0.000000
222.538803    39.711418    0.000000
226.458603    39.711418    0.000000
230.378403    38.778099    0.000000
235.418076    38.218178    0.000000
108.519943    131.781693    0.000000
105.981079    129.989609    0.000000
102.695511    127.898788    0.000000
97.916550    127.600098    0.000000
94.033630    127.600098    0.000000
90.150665    126.405350    0.000000
85.969055    123.717163    0.000000
82.086136    121.178360    0.000000
79.696671    120.282318    0.000000
77.605896    120.431656    0.000000
77.456497    123.269135    0.000000
74.768326    125.808014    0.000000
70.138687    128.346848    0.000000
68.495941    129.541550    0.000000
65.359726    130.138931    0.000000
59.535355    129.242874    0.000000
59.684708    131.483017    0.000000
61.327454    133.424530    0.000000
63.716934    133.424530    0.000000
67.599838    136.261993    0.000000
72.528229    139.995590    0.000000
74.170944    141.937057    0.000000
76.859146    145.371933    0.000000
81.339432    148.956177    0.000000
85.371719    150.897629    0.000000
90.150665    151.644363    0.000000
94.630981    150.598953    0.000000
98.065872    147.462738    0.000000
100.156693    146.267990    0.000000
59.834015    129.392197    0.000000
54.457642    125.509293    0.000000
47.447006    109.939163    0.000000
49.828018    102.361099    0.000000
51.022766    97.880798    0.000000
53.412308    96.238007    0.000000
58.489899    96.088684    0.000000
62.820892    99.374252    0.000000
67.450531    102.361099    0.000000
71.184113    104.302551    0.000000
72.677551    105.945374    0.000000
72.528229    107.886795    0.000000
73.722916    110.425629    0.000000
75.216415    112.367096    0.000000
75.216415    115.801987    0.000000
76.112396    118.191498    0.000000
77.456497    120.282318    0.000000
52.366837    96.536713    0.000000
52.217484    93.848526    0.000000
54.756363    90.114960    0.000000
58.340576    85.634674    0.000000
59.535355    83.245148    0.000000
59.834015    79.362228    0.000000
64.015640    75.479340    0.000000
68.645248    72.641815    0.000000
72.378860    70.401657    0.000000
76.112396    67.414795    0.000000
79.696671    64.278595    0.000000
82.086136    63.681202    0.000000
87.761185    59.499607    0.000000
92.092178    56.960728    0.000000
96.871140    54.571278    0.000000
108.519943    53.227207    0.000000
96.572433    60.096989    0.000000
91.345474    64.875931    0.000000
88.507919    68.609543    0.000000
85.670395    72.940521    0.000000
83.878281    76.674072    0.000000
72.677551    105.945374    0.000000
81.323471    92.489258    0.000000
84.475677    85.186630    0.000000
87.014511    79.959625    0.000000
90.001343    75.927353    0.000000
93.436234    72.791138    0.000000
98.663269    69.356262    0.000000
105.858063    62.137455    0.000000
94.929672    65.174637    0.000000
88.209213    69.057571    0.000000
74.232880    142.426712    0.000000
71.174820    143.388184    0.000000
66.764008    143.703186    0.000000
62.353226    142.915558    0.000000
61.250565    144.175812    0.000000
62.825851    147.168808    0.000000
62.510757    154.572617    0.000000
57.469894    155.202728    0.000000
62.195755    157.880646    0.000000
67.866714    159.928558    0.000000
76.688232    160.716156    0.000000
84.879669    160.401123    0.000000
90.393143    159.140900    0.000000
95.434006    156.620453    0.000000
98.899612    154.572617    0.000000
61.408096    144.018280    0.000000
57.469894    140.710190    0.000000
52.901657    135.669312    0.000000
51.483856    133.778976    0.000000
48.963394    132.676285    0.000000
44.552689    133.148880    0.000000
39.826843    135.669312    0.000000
38.094040    135.669312    0.000000
36.361191    133.778976    0.000000
35.731171    136.456955    0.000000
36.676300    138.662323    0.000000
39.826843    139.765045    0.000000
43.922546    143.545685    0.000000
49.593552    148.744095    0.000000
53.059158    151.894623    0.000000
57.469894    155.360260    0.000000
49.751083    132.676285    0.000000
49.751083    129.053162    0.000000
46.285461    124.327362    0.000000
42.032242    120.074127    0.000000
39.039200    115.663330    0.000000
37.778992    111.882660    0.000000
35.258545    109.519775    0.000000
31.792953    108.417084    0.000000
30.532700    109.834824    0.000000
27.697220    111.252594    0.000000
24.704239    111.095062    0.000000
24.546707    112.670334    0.000000
25.491821    114.875717    0.000000
27.539719    117.553680    0.000000
30.217697    121.964447    0.000000
31.005295    125.587585    0.000000
33.683273    129.368256    0.000000
36.518753    133.936554    0.000000
31.635406    108.574631    0.000000
11.314392    76.754105    0.000000
24.546707    110.937546    0.000000
98.233795    160.331223    0.000000
93.910721    162.880737    0.000000
87.592453    163.545792    0.000000
81.384995    164.543442    0.000000
72.628006    167.203751    0.000000
65.644638    171.305084    0.000000
61.543259    173.965424    0.000000
59.437180    174.630524    0.000000
57.220230    176.514954    0.000000
59.769760    178.066833    0.000000
63.095139    181.059692    0.000000
61.875824    183.609161    0.000000
58.106979    186.158661    0.000000
60.767349    187.599701    0.000000
64.203644    186.712921    0.000000
66.974808    185.826141    0.000000
71.852081    184.828522    0.000000
77.172806    183.165771    0.000000
81.828354    181.613922    0.000000
87.481552    179.286163    0.000000
91.915482    178.177643    0.000000
97.125351    177.512573    0.000000
100.672470    176.071564    0.000000
103.221909    174.519684    0.000000
104.552063    173.411224    0.000000
57.441956    176.625793    0.000000
54.449020    175.517303    0.000000
50.680237    173.411224    0.000000
45.692093    171.859375    0.000000
41.479889    171.526825    0.000000
39.484619    171.526825    0.000000
36.602600    174.076324    0.000000
32.944656    177.069183    0.000000
32.501236    178.953583    0.000000
34.496475    181.503052    0.000000
38.376190    183.720032    0.000000
42.920914    184.274261    0.000000
48.574112    185.493622    0.000000
52.786362    186.491211    0.000000
58.029099    186.257477    0.000000
39.418762    171.553741    0.000000
35.494156    169.642395    0.000000
30.838516    167.647156    0.000000
25.961227    166.871201    0.000000
19.975494    166.538681    0.000000
13.878891    166.427811    0.000000
11.440247    164.543442    0.000000
10.664352    163.545792    0.000000
9.334167    163.989197    0.000000
6.673813    165.873596    0.000000
4.678558    168.090546    0.000000
4.235184    170.972565    0.000000
5.565323    173.632904    0.000000
7.117188    174.852203    0.000000
11.329376    174.852203    0.000000
14.100586    174.852203    0.000000
17.536835    176.404114    0.000000
21.638199    177.623444    0.000000
25.961227    178.953583    0.000000
30.062622    180.062042    0.000000
33.720551    180.727142    0.000000
10.442627    163.434982    0.000000
10.331757    160.885468    0.000000
18.201965    148.913940    0.000000
1.685684    163.545792    0.000000
2.239914    166.982056    0.000000
4.346024    169.864136    0.000000
111.581512    178.922546    0.000000
108.488052    180.713531    0.000000
106.351700    182.973145    0.000000
101.487076    184.295380    0.000000
94.811707    186.656189    0.000000
84.961563    190.563721    0.000000
76.658005    193.657196    0.000000
70.633957    197.239044    0.000000
65.586716    201.309387    0.000000
60.946594    203.263153    0.000000
60.213882    205.949554    0.000000
62.818924    208.310394    0.000000
67.621902    210.101318    0.000000
70.633957    210.345551    0.000000
73.727417    207.821930    0.000000
79.344437    204.240051    0.000000
86.915314    201.472198    0.000000
95.870056    197.890320    0.000000
101.324265    195.692352    0.000000
106.941330    192.598877    0.000000
111.011658    189.342590    0.000000
113.942307    188.935577    0.000000
116.384491    186.737610    0.000000
119.559341    185.516510    0.000000
123.955330    182.423065    0.000000
60.213882    205.949554    0.000000
56.469238    206.519440    0.000000
53.538559    206.926453    0.000000
53.516418    213.958740    0.000000
64.920547    214.161041    0.000000
69.657089    210.345551    0.000000
124.118141    182.585876    0.000000
122.897049    185.923523    0.000000
117.687012    189.668243    0.000000
112.721207    192.924500    0.000000
106.371475    196.994843    0.000000
100.184601    200.902374    0.000000
91.881104    205.379761    0.000000
87.403748    208.635986    0.000000
86.833878    210.996796    0.000000
91.067001    211.810883    0.000000
94.404709    214.090240    0.000000
95.462997    215.148529    0.000000
99.858978    214.660095    0.000000
102.463974    212.462067    0.000000
105.313202    209.205811    0.000000
109.709122    206.519440    0.000000
114.756363    203.914398    0.000000
118.419632    201.390839    0.000000
121.757324    198.215973    0.000000
129.490982    191.540588    0.000000
130.874893    189.993866    0.000000
133.886948    188.609985    0.000000
140.682968    186.317841    0.000000
86.752502    210.752563    0.000000
84.554520    212.217865    0.000000
81.216812    220.535339    0.000000
83.659042    222.963593    0.000000
87.322311    224.184662    0.000000
96.928329    218.730438    0.000000
95.707245    215.148529    0.000000
52.462418    93.417313    0.000000
56.317673    92.853088    0.000000
60.078964    92.947113    0.000000
63.181992    94.639679    0.000000
68.917862    97.836746    0.000000
73.901520    100.375610    0.000000
76.628464    103.102493    0.000000
54.813187    89.938141    0.000000
58.292374    89.844086    0.000000
61.865555    91.066528    0.000000
66.002914    93.229248    0.000000
70.516449    95.580002    0.000000
75.970261    97.460632    0.000000
79.355331    100.187546    0.000000
58.292374    86.176895    0.000000
61.489426    86.835114    0.000000
65.532791    88.997803    0.000000
72.303024    91.536652    0.000000
76.910507    92.947113    0.000000
80.295654    96.050156    0.000000
59.702881    83.355927    0.000000
62.711823    84.014175    0.000000
66.755157    87.117218    0.000000
72.773178    88.997803    0.000000
77.662827    89.938141    0.000000
81.330032    92.288895    0.000000
59.796860    80.629059    0.000000
62.805862    80.911133    0.000000
66.755157    84.296249    0.000000
72.114960    85.800751    0.000000
78.415009    87.211258    0.000000
82.270340    90.126221    0.000000
76.252304    67.558701    0.000000
77.756805    70.473709    0.000000
80.671799    73.670700    0.000000
84.339005    75.645355    0.000000
79.355331    64.737793    0.000000
80.013596    68.310944    0.000000
82.740463    71.696106    0.000000
85.373367    72.824463    0.000000
82.552444    63.609394    0.000000
83.116623    66.430298    0.000000
84.903183    68.969147    0.000000
87.347992    69.815430    0.000000
84.997269    61.634769    0.000000
85.373367    64.455658    0.000000
86.595749    66.900482    0.000000
88.382355    67.840805    0.000000
87.536072    59.848148    0.000000
88.100296    63.609394    0.000000
90.545105    65.490021    0.000000
90.356995    57.873478    0.000000
90.827164    61.352634    0.000000
92.895828    63.139240    0.000000
93.177948    56.557072    0.000000
93.554077    59.189960    0.000000
95.998917    60.412327    0.000000
96.845139    54.864491    0.000000
96.939224    57.121235    0.000000
98.913849    58.625736    0.000000
73.431412    69.627426    0.000000
74.559799    72.636383    0.000000
76.722488    75.833450    0.000000
79.919556    77.996170    0.000000
83.022583    79.782776    0.000000
85.843506    82.039505    0.000000
70.328354    71.790100    0.000000
72.867172    75.833450    0.000000
77.380722    81.005127    0.000000
80.671799    83.920166    0.000000
83.774841    86.082855    0.000000
62.523788    76.491669    0.000000
65.908875    77.996170    0.000000
69.576126    81.381287    0.000000
73.055252    84.578369    0.000000
78.791153    87.399277    0.000000
66.943253    73.670700    0.000000
70.234329    77.337952    0.000000
73.901520    81.099197    0.000000
76.816467    82.885803    0.000000
83.680801    86.364914    0.000000
100.230286    53.830204    0.000000
99.760147    55.710789    0.000000
101.640717    57.215244    0.000000
84.433044    75.927505    0.000000
85.467407    77.432007    0.000000
87.630112    78.842468    0.000000
86.595749    71.602036    0.000000
87.159958    74.046844    0.000000
89.040573    76.585709    0.000000
89.040573    68.781128    0.000000
89.792801    71.978119    0.000000
91.109299    74.328979    0.000000
91.767502    66.994537    0.000000
91.955521    70.191589    0.000000
93.460052    72.260239    0.000000
93.742111    65.678040    0.000000
94.494415    68.687073    0.000000
96.280960    70.661713    0.000000
96.751114    64.361649    0.000000
97.409348    66.618393    0.000000
99.289963    68.122864    0.000000
100.230286    62.951176    0.000000
100.512405    65.301956    0.000000
102.581070    66.524338    0.000000
54.907242    96.144180    0.000000
54.813187    93.605331    0.000000
56.693817    91.442612    0.000000
59.514755    88.245560    0.000000
61.583481    84.860443    0.000000
62.805862    81.945480    0.000000
63.181992    79.688751    0.000000
65.156631    77.337952    0.000000
68.165665    74.705063    0.000000
73.055252    70.003510    0.000000
57.728180    96.144180    0.000000
57.258011    93.323257    0.000000
60.361038    90.972504    0.000000
63.276001    86.835114    0.000000
64.968613    83.449951    0.000000
66.567139    80.158844    0.000000
68.823807    77.432007    0.000000
72.208969    74.140900    0.000000
75.876205    70.849792    0.000000
78.885208    67.934845    0.000000
83.116623    63.139240    0.000000
59.984940    97.272583    0.000000
60.172989    93.981476    0.000000
62.711823    91.442612    0.000000
64.686508    88.527664    0.000000
66.567139    85.706696    0.000000
68.729843    82.227585    0.000000
71.362686    79.312592    0.000000
74.465744    77.149872    0.000000
77.286667    74.611053    0.000000
79.637497    71.319931    0.000000
82.646439    68.028870    0.000000
84.997269    65.584061    0.000000
89.416702    61.916813    0.000000
92.989929    59.848148    0.000000
97.879501    56.933216    0.000000
101.828812    55.240589    0.000000
107.000549    53.454044    0.000000
62.147629    98.871109    0.000000
63.276001    95.015839    0.000000
64.874527    93.135193    0.000000
68.353683    88.903778    0.000000
70.328354    85.706696    0.000000
73.055252    81.569366    0.000000
76.628464    77.149872    0.000000
79.261307    71.884171    0.000000
64.216309    100.375610    0.000000
65.062637    97.178528    0.000000
68.635818    93.887421    0.000000
71.738770    90.972504    0.000000
73.807495    86.364914    0.000000
76.158310    83.261887    0.000000
78.226990    78.842468    0.000000
81.612137    74.140900    0.000000
84.903183    69.815430    0.000000
87.818192    66.806458    0.000000
90.921204    64.831818    0.000000
67.507416    102.256226    0.000000
68.071640    99.623352    0.000000
70.704453    96.614365    0.000000
73.901520    93.041168    0.000000
76.534439    89.938141    0.000000
77.474747    86.647034    0.000000
80.483734    82.415588    0.000000
82.552444    79.218628    0.000000
84.150925    76.585709    0.000000
70.046265    103.760742    0.000000
72.114960    100.093491    0.000000
76.722488    95.203918    0.000000
79.167313    91.818756    0.000000
81.047897    88.151520    0.000000
83.022583    83.167862    0.000000
84.715164    79.218628    0.000000
88.570419    74.234924    0.000000
91.391388    72.072174    0.000000
95.434677    69.063202    0.000000
99.101929    66.524338    0.000000
105.119919    62.763096    0.000000
86.407669    71.978119    0.000000
91.673447    68.687073    0.000000
99.478027    63.703434    0.000000
58.469910    95.930893    0.000000
63.078613    97.239883    0.000000
67.796402    100.294174    0.000000
71.805176    102.830322    0.000000
74.068588    105.121017    0.000000
61.757950    129.211426    0.000000
58.992996    126.569351    0.000000
54.753342    122.206848    0.000000
52.479965    118.458817    0.000000
50.145126    114.157745    0.000000
49.715042    109.119370    0.000000
49.837952    102.913574    0.000000
66.427673    130.071640    0.000000
62.495285    126.692230    0.000000
57.825546    121.776749    0.000000
55.429306    119.011795    0.000000
53.893158    115.509521    0.000000
53.155869    110.778351    0.000000
52.787186    105.371307    0.000000
53.032928    100.701614    0.000000
53.770309    96.646347    0.000000
69.745590    128.535538    0.000000
66.059006    125.709122    0.000000
62.188095    121.162277    0.000000
59.423080    116.799835    0.000000
57.641220    112.805984    0.000000
57.334000    107.337509    0.000000
57.272583    100.701614    0.000000
57.702713    96.339142    0.000000
72.203323    127.122360    0.000000
70.298599    122.391205    0.000000
67.287918    116.554062    0.000000
65.014450    111.700012    0.000000
62.925369    108.013412    0.000000
61.512161    104.756866    0.000000
60.836288    100.087189    0.000000
60.774857    98.120972    0.000000
74.783981    125.524811    0.000000
74.599655    122.514053    0.000000
74.046677    120.056320    0.000000
72.449142    117.229950    0.000000
70.790192    114.280624    0.000000
69.438431    111.392807    0.000000
68.270950    107.460388    0.000000
67.779434    104.695435    0.000000
67.042099    102.544922    0.000000
50.513779    100.025726    0.000000
53.032928    100.394394    0.000000
57.088272    100.148636    0.000000
60.897736    98.366776    0.000000
49.715042    103.097916    0.000000
53.893158    103.343674    0.000000
57.764114    102.790695    0.000000
60.897736    101.869019    0.000000
62.556717    99.902832    0.000000
47.503036    107.214615    0.000000
52.479965    106.231537    0.000000
58.562912    105.248413    0.000000
62.863922    103.773773    0.000000
65.198776    101.438965    0.000000
47.625931    111.577103    0.000000
50.820999    110.655487    0.000000
55.797897    108.750702    0.000000
62.249481    106.907410    0.000000
65.874680    105.555679    0.000000
69.131149    103.220795    0.000000
48.240402    115.263718    0.000000
51.496872    115.263718    0.000000
55.920822    114.587845    0.000000
59.238724    113.420441    0.000000
63.355515    111.761444    0.000000
66.734909    110.163910    0.000000
68.516769    109.488037    0.000000
72.817780    108.689270    0.000000
49.162018    118.581696    0.000000
52.111328    119.073212    0.000000
56.350906    119.011795    0.000000
58.992996    118.766022    0.000000
62.003738    117.967239    0.000000
64.645828    116.123932    0.000000
67.595078    114.403519    0.000000
70.237167    113.236084    0.000000
74.415329    111.577103    0.000000
51.435440    121.715302    0.000000
55.920822    122.268280    0.000000
59.177353    122.329758    0.000000
62.925369    121.653885    0.000000
65.997543    119.564804    0.000000
70.482971    117.045578    0.000000
72.817780    115.325150    0.000000
74.906906    114.772217    0.000000
53.708817    124.418823    0.000000
57.395462    124.910370    0.000000
61.266434    125.340469    0.000000
64.768692    125.033295    0.000000
68.516769    123.865845    0.000000
70.913055    121.838181    0.000000
73.125015    119.687668    0.000000
75.582779    117.967239    0.000000
57.149673    127.245224    0.000000
60.836288    127.613876    0.000000
64.522903    127.613876    0.000000
67.472214    126.753693    0.000000
70.175705    125.401917    0.000000
72.817780    123.497162    0.000000
74.292465    121.715302    0.000000
75.521286    120.240662    0.000000
76.565903    119.441864    0.000000
73.283218    131.359863    0.000000
75.472733    134.326340    0.000000
77.944824    138.281677    0.000000
80.628754    142.802063    0.000000
90.587677    150.783295    0.000000
93.977982    150.853928    0.000000
90.536530    150.675339    0.000000
90.302872    146.937668    0.000000
92.872543    142.032013    0.000000
94.974991    137.827148    0.000000
96.143021    134.089478    0.000000
97.077393    128.950195    0.000000
96.376556    127.782196    0.000000
87.499680    149.273712    0.000000
87.499680    145.302460    0.000000
88.901260    141.798416    0.000000
91.237320    137.359940    0.000000
93.106125    133.622269    0.000000
93.889832    127.616440    0.000000
85.163589    147.872116    0.000000
85.163589    143.433655    0.000000
87.032455    139.695969    0.000000
88.200470    135.491119    0.000000
89.835693    131.753433    0.000000
91.003708    127.081360    0.000000
82.827591    145.536041    0.000000
82.593979    141.798416    0.000000
84.462814    136.892715    0.000000
85.864426    133.388657    0.000000
87.032455    129.417435    0.000000
87.966873    125.212585    0.000000
80.024338    141.564804    0.000000
80.491531    137.126312    0.000000
81.893158    133.622269    0.000000
83.762009    129.884613    0.000000
84.696457    127.081360    0.000000
85.630844    123.343735    0.000000
78.155533    138.527924    0.000000
78.389130    132.921448    0.000000
80.257935    130.351837    0.000000
82.126755    127.081360    0.000000
83.762009    124.044556    0.000000
83.995605    122.642929    0.000000
76.520279    135.724716    0.000000
77.221100    130.585419    0.000000
79.089920    127.548569    0.000000
81.192368    125.212585    0.000000
82.360397    121.241302    0.000000
74.651443    133.155060    0.000000
75.118637    129.417435    0.000000
76.987503    127.081360    0.000000
79.323563    124.278137    0.000000
80.491531    121.708496    0.000000
80.024338    120.540451    0.000000
72.699768    126.978912    0.000000
75.585892    128.249390    0.000000
77.454697    131.286255    0.000000
79.790741    136.191925    0.000000
82.126755    139.929565    0.000000
86.098068    143.667221    0.000000
90.302872    146.937668    0.000000
94.507751    147.638489    0.000000
98.479019    146.003281    0.000000
100.114227    145.769653    0.000000
74.651443    126.146957    0.000000
77.921921    126.614197    0.000000
79.790741    129.183823    0.000000
82.126755    133.622269    0.000000
85.163589    137.593521    0.000000
87.966873    140.630371    0.000000
91.470963    142.732803    0.000000
96.143021    143.200027    0.000000
98.946213    143.433655    0.000000
101.515915    142.966415    0.000000
102.683929    139.929565    0.000000
98.946213    139.462357    0.000000
94.974991    138.761536    0.000000
91.237320    137.359940    0.000000
88.667679    135.023911    0.000000
84.462814    132.220657    0.000000
81.426025    127.782196    0.000000
80.024338    125.913361    0.000000
76.437439    124.492142    0.000000
81.659561    124.511703    0.000000
84.229202    126.847794    0.000000
87.733246    130.351837    0.000000
91.704514    132.220657    0.000000
95.208588    134.323059    0.000000
98.946213    135.023911    0.000000
101.983109    135.724716    0.000000
105.720718    135.724716    0.000000
77.688293    122.876511    0.000000
82.126755    122.876511    0.000000
85.163589    125.212585    0.000000
88.434067    127.782196    0.000000
92.872543    129.183823    0.000000
102.450302    130.819046    0.000000
107.823166    132.921448    0.000000
72.081802    127.782196    0.000000
72.081802    130.351837    0.000000
73.950684    131.753433    0.000000
69.745804    129.417435    0.000000
69.979401    131.987061    0.000000
71.848221    133.855896    0.000000
75.352249    137.593521    0.000000
86.565216    150.908936    0.000000
66.475327    130.819046    0.000000
66.942566    132.687866    0.000000
69.278564    134.556671    0.000000
73.483490    138.527924    0.000000
76.987503    142.265610    0.000000
79.790741    145.769653    0.000000
81.893158    149.273712    0.000000
63.078293    129.952499    0.000000
63.818253    132.118210    0.000000
67.769928    136.333496    0.000000
96.843796    128.249390    0.000000
94.741394    144.601639    0.000000
93.573364    150.908936    0.000000
100.114227    128.249390    0.000000
97.734528    144.001999    0.000000
97.544632    148.339279    0.000000
104.129211    128.755753    0.000000
103.384720    132.220657    0.000000
103.384720    136.425552    0.000000
100.815079    141.564804    0.000000
98.946213    145.302460    0.000000
98.946213    146.704071    0.000000
64.071152    133.621307    0.000000
68.904739    133.800323    0.000000
72.664215    134.337387    0.000000
75.170486    133.979355    0.000000
68.367691    136.306641    0.000000
72.664215    136.843674    0.000000
76.960739    136.843674    0.000000
71.712723    139.170944    0.000000
74.812454    139.170944    0.000000
77.855804    138.275864    0.000000
74.454391    141.856293    0.000000
78.034836    142.572372    0.000000
80.004089    141.856293    0.000000
76.423645    144.362610    0.000000
81.973282    145.436737    0.000000
27.422852    111.132858    0.000000
11.369965    76.859543    0.000000
29.590286    110.523254    0.000000
12.318192    87.629181    0.000000
15.366211    87.832428    0.000000
16.653152    85.800385    0.000000
13.876068    91.625458    0.000000
16.653152    91.693207    0.000000
18.414246    89.458023    0.000000
15.230759    95.012161    0.000000
18.820648    95.147629    0.000000
20.988098    92.235138    0.000000
16.382263    97.992462    0.000000
20.243042    97.992462    0.000000
22.071854    94.944427    0.000000
17.736908    100.498627    0.000000
21.530029    100.363144    0.000000
23.629730    96.366867    0.000000
19.091614    102.462921    0.000000
22.071854    102.937057    0.000000
23.629730    101.921051    0.000000
24.984436    99.076233    0.000000
20.784943    104.969055    0.000000
23.223358    105.036789    0.000000
24.984436    104.156265    0.000000
26.745514    101.514633    0.000000
22.139603    107.746170    0.000000
25.052185    107.610687    0.000000
26.948685    106.459213    0.000000
28.438797    103.411194    0.000000
28.928940    111.002197    0.000000
32.154129    118.990692    0.000000
37.896530    128.186783    0.000000
41.910645    134.531555    0.000000
29.469833    110.596527    0.000000
37.718658    123.037323    0.000000
42.181107    130.069122    0.000000
45.156052    133.179306    0.000000
31.092529    109.920395    0.000000
35.284561    113.165817    0.000000
38.800446    118.439651    0.000000
42.181107    124.254379    0.000000
46.237885    128.852081    0.000000
47.725357    132.638412    0.000000
27.035767    111.272675    0.000000
27.982315    115.870377    0.000000
32.309601    123.172562    0.000000
36.501572    130.204346    0.000000
39.747070    135.207687    0.000000
24.872162    112.489716    0.000000
28.928940    113.571533    0.000000
31.903931    112.354477    0.000000
33.797043    108.973831    0.000000
25.413010    114.382874    0.000000
30.145950    115.464676    0.000000
33.661850    113.841965    0.000000
35.555008    109.785172    0.000000
26.630081    116.411240    0.000000
30.957306    117.493073    0.000000
35.284561    116.005569    0.000000
37.853867    112.084015    0.000000
28.658463    118.980560    0.000000
32.444809    119.656708    0.000000
36.772034    118.304428    0.000000
38.935669    115.464676    0.000000
29.740265    120.468018    0.000000
33.120926    122.090759    0.000000
37.042511    122.090759    0.000000
40.152710    119.791901    0.000000
40.287933    117.628296    0.000000
30.822098    123.172562    0.000000
33.797043    123.713501    0.000000
37.312958    122.090759    0.000000
30.957306    125.336182    0.000000
34.743652    126.147552    0.000000
38.800446    125.065720    0.000000
41.234512    123.307800    0.000000
42.586746    120.603271    0.000000
32.985733    127.770264    0.000000
36.095886    128.446381    0.000000
40.423157    127.499832    0.000000
43.127655    125.336182    0.000000
44.479935    122.631653    0.000000
33.932281    129.798660    0.000000
37.448227    130.474792    0.000000
40.423157    129.798660    0.000000
43.533386    128.311142    0.000000
45.561737    126.147552    0.000000
46.102646    123.983948    0.000000
34.878860    131.150925    0.000000
39.070877    131.962265    0.000000
42.451569    131.691803    0.000000
45.561737    129.798660    0.000000
47.454910    127.499832    0.000000
47.725357    125.336182    0.000000
36.501572    133.179306    0.000000
39.611801    133.584976    0.000000
42.857239    133.044083    0.000000
45.967422    131.421356    0.000000
47.995834    129.663406    0.000000
49.753769    128.581604    0.000000
37.074005    138.701935    0.000000
41.796158    138.345551    0.000000
45.805496    137.009140    0.000000
50.438492    133.356140    0.000000
40.816101    140.305679    0.000000
44.647232    139.682022    0.000000
50.171219    137.543716    0.000000
52.576828    135.227173    0.000000
42.954391    141.998535    0.000000
47.231064    141.909393    0.000000
51.240402    140.127502    0.000000
53.645981    137.543716    0.000000
45.181808    144.671402    0.000000
50.883972    144.225922    0.000000
54.447891    142.176697    0.000000
55.695236    139.325592    0.000000
48.772324    147.704987    0.000000
53.645981    146.809723    0.000000
56.051590    145.027802    0.000000
58.189896    141.463928    0.000000
51.062180    150.195389    0.000000
56.318878    148.235275    0.000000
59.259033    145.384201    0.000000
59.793655    142.354904    0.000000
53.022293    151.977295    0.000000
57.388046    150.819046    0.000000
60.773666    148.413452    0.000000
61.842850    145.116913    0.000000
55.695236    153.759232    0.000000
59.526321    153.491943    0.000000
62.822906    149.928101    0.000000
39.123276    136.029068    0.000000
39.568756    137.989182    0.000000
43.578064    141.018448    0.000000
46.696472    143.869507    0.000000
53.467789    148.858917    0.000000
60.328232    155.095642    0.000000
42.776230    134.425323    0.000000
43.221741    137.543716    0.000000
48.834793    141.196625    0.000000
53.467789    145.205994    0.000000
59.169952    150.819046    0.000000
63.001114    153.581055    0.000000
45.894577    133.356140    0.000000
47.052841    136.741837    0.000000
51.774902    140.305679    0.000000
56.586166    144.938690    0.000000
59.971817    147.700699    0.000000
63.268387    148.948013    0.000000
48.478348    132.643387    0.000000
50.883972    136.118149    0.000000
55.516983    140.127502    0.000000
59.437241    142.622177    0.000000
62.617569    154.259003    0.000000
67.717072    156.735886    0.000000
73.253662    159.067062    0.000000
78.810074    160.499435    0.000000
63.200394    151.490677    0.000000
67.571365    153.821884    0.000000
74.856308    156.007385    0.000000
87.969360    156.444489    0.000000
93.797302    156.007385    0.000000
97.585510    154.841766    0.000000
63.346054    148.576691    0.000000
69.902573    151.053558    0.000000
76.604752    152.656281    0.000000
85.929535    152.364853    0.000000
91.903214    151.782074    0.000000
62.294006    145.010773    0.000000
67.425674    147.119659    0.000000
74.856308    148.576691    0.000000
81.121445    149.013779    0.000000
64.657394    143.622864    0.000000
71.213867    145.808380    0.000000
77.041794    146.099777    0.000000
61.014847    155.133179    0.000000
64.948776    157.464371    0.000000
71.068161    160.232635    0.000000
64.365936    143.331482    0.000000
65.766220    149.836533    0.000000
60.723495    157.172958    0.000000
67.425674    144.351395    0.000000
68.445557    146.973999    0.000000
68.299850    155.278885    0.000000
66.260086    157.755768    0.000000
63.783173    158.484253    0.000000
70.193985    143.768585    0.000000
71.942337    146.099777    0.000000
72.088058    154.696060    0.000000
70.922470    157.755768    0.000000
67.279953    159.795563    0.000000
73.836441    142.748703    0.000000
75.604691    148.278351    0.000000
71.068161    160.232635    0.000000
78.353165    147.265366    0.000000
75.002029    160.378372    0.000000
81.849960    149.887970    0.000000
78.353165    160.815445    0.000000
85.929535    151.053558    0.000000
83.452621    160.524033    0.000000
90.009140    151.927765    0.000000
90.009140    156.007385    0.000000
88.406479    159.941269    0.000000
92.923157    151.636383    0.000000
93.214523    155.278885    0.000000
91.611862    158.629990    0.000000
95.691422    150.325073    0.000000
95.691422    152.947662    0.000000
94.671524    156.590149    0.000000
98.896820    149.887970    0.000000
95.108597    150.470764    0.000000
5.875580    166.773285    0.000000
17.886353    148.944763    0.000000
7.939911    164.990417    0.000000
2.309875    167.054779    0.000000
10.004257    161.237061    0.000000
2.122208    162.363083    0.000000
11.036484    159.078857    0.000000
5.218735    157.389862    0.000000
11.693298    157.389862    0.000000
6.697006    166.257935    0.000000
7.774139    169.010498    0.000000
13.997299    168.890839    0.000000
22.733688    170.087555    0.000000
31.829178    172.600800    0.000000
35.898148    174.874634    0.000000
4.303528    168.651459    0.000000
6.218338    171.882751    0.000000
13.159607    171.523712    0.000000
23.092789    173.318848    0.000000
32.906265    176.191132    0.000000
16.749893    175.712433    0.000000
27.401062    177.627197    0.000000
32.666885    177.866608    0.000000
36.496521    174.395935    0.000000
43.796814    176.550140    0.000000
57.080933    179.183014    0.000000
62.107330    180.140472    0.000000
32.906265    177.507568    0.000000
43.198441    179.781403    0.000000
54.208664    181.456879    0.000000
62.466385    182.773346    0.000000
34.462006    181.217529    0.000000
44.754196    182.414276    0.000000
53.251282    184.688171    0.000000
59.953140    185.047180    0.000000
59.235123    177.627197    0.000000
65.577988    175.592682    0.000000
73.117599    172.002411    0.000000
81.614670    167.215378    0.000000
92.864273    163.026688    0.000000
61.269638    179.302704    0.000000
67.492783    178.345306    0.000000
77.904694    172.600800    0.000000
87.239441    169.489227    0.000000
94.539780    167.215378    0.000000
99.925232    165.659561    0.000000
62.945114    182.414276    0.000000
70.843765    181.456879    0.000000
78.622787    177.866608    0.000000
87.000107    174.036957    0.000000
95.377487    172.122101    0.000000
102.438400    171.643402    0.000000
93.342987    177.507568    0.000000
98.489029    175.113983    0.000000
102.677780    172.002411    0.000000
7.774139    174.755005    0.000000
7.175720    170.087555    0.000000
8.611847    166.975983    0.000000
10.766037    164.103760    0.000000
10.766037    174.755005    0.000000
10.047974    170.207245    0.000000
12.321869    165.659561    0.000000
13.638306    174.874634    0.000000
12.788788    170.960114    0.000000
14.595688    166.497253    0.000000
16.749893    175.951752    0.000000
15.684052    171.369263    0.000000
17.348267    166.975983    0.000000
19.622147    176.909149    0.000000
18.540924    171.805511    0.000000
21.776291    166.856339    0.000000
22.733688    178.105927    0.000000
22.308731    171.770782    0.000000
26.563354    166.736649    0.000000
25.964996    179.302704    0.000000
25.926163    172.940430    0.000000
32.547226    168.053085    0.000000
30.033997    180.260071    0.000000
29.122604    174.573395    0.000000
35.419434    169.728577    0.000000
39.608124    183.730774    0.000000
37.356293    179.419556    0.000000
43.922134    171.673889    0.000000
43.476730    184.379364    0.000000
41.458694    179.697876    0.000000
47.746140    172.481140    0.000000
48.063446    185.239136    0.000000
45.903625    180.532776    0.000000
51.097122    173.558228    0.000000
50.977463    186.004578    0.000000
49.780655    181.337219    0.000000
54.448044    175.712433    0.000000
54.328384    186.722656    0.000000
53.562912    182.194153    0.000000
58.397354    177.387878    0.000000
56.362900    186.602997    0.000000
56.991776    182.962463    0.000000
61.086105    179.171753    0.000000
62.346725    187.440704    0.000000
64.381241    183.371704    0.000000
63.782791    178.943695    0.000000
59.833481    174.874634    0.000000
61.748337    173.917236    0.000000
66.774734    179.183014    0.000000
68.210861    183.371704    0.000000
67.373154    185.765259    0.000000
64.740219    172.002411    0.000000
70.125687    177.268219    0.000000
71.801193    182.414276    0.000000
70.963486    184.927521    0.000000
68.091202    169.728577    0.000000
74.673416    174.755005    0.000000
76.707932    180.020752    0.000000
75.989838    183.970093    0.000000
71.202805    167.574402    0.000000
79.819534    173.079529    0.000000
82.332718    177.028839    0.000000
81.734390    181.456879    0.000000
76.827637    165.779221    0.000000
83.768845    169.848236    0.000000
87.718155    174.395935    0.000000
87.119812    179.183014    0.000000
81.734390    164.462830    0.000000
87.359146    167.095688    0.000000
92.729446    171.907104    0.000000
92.385544    177.866608    0.000000
88.795242    163.625061    0.000000
93.821686    167.095688    0.000000
97.636185    171.922272    0.000000
95.975876    177.507568    0.000000
93.342987    163.266006    0.000000
96.693924    164.462830    0.000000
100.164566    167.933395    0.000000
101.720367    169.967926    0.000000
101.241653    175.473053    0.000000
113.138199    179.458557    0.000000
117.733810    182.437225    0.000000
121.648605    183.713776    0.000000
111.095657    179.373474    0.000000
112.712646    182.777618    0.000000
115.350906    184.735016    0.000000
118.755066    185.756287    0.000000
108.712753    180.820221    0.000000
110.159531    184.309509    0.000000
112.372253    186.437103    0.000000
115.180710    187.713715    0.000000
106.840469    182.947845    0.000000
107.861725    185.756287    0.000000
110.159531    188.139221    0.000000
112.031860    188.905121    0.000000
102.159760    184.224396    0.000000
103.946915    188.054108    0.000000
106.244751    190.607239    0.000000
108.202164    191.458282    0.000000
98.159805    185.671173    0.000000
99.266129    188.990204    0.000000
101.393814    191.798676    0.000000
104.883057    194.011414    0.000000
93.989716    187.032867    0.000000
94.925858    190.777435    0.000000
97.649216    193.756134    0.000000
101.223602    195.458221    0.000000
90.500412    188.394562    0.000000
90.755707    191.883820    0.000000
93.223770    195.117767    0.000000
97.649216    197.670929    0.000000
87.351547    189.500885    0.000000
87.096252    193.160370    0.000000
89.564285    197.075195    0.000000
93.138687    198.862396    0.000000
83.777145    190.777435    0.000000
83.521866    195.117767    0.000000
85.904831    198.436829    0.000000
89.479172    200.309113    0.000000
80.458115    192.054016    0.000000
80.458115    196.564545    0.000000
82.500626    200.053833    0.000000
85.479294    201.926117    0.000000
75.436981    193.926331    0.000000
75.266724    198.266632    0.000000
77.309235    201.500641    0.000000
81.138931    203.372894    0.000000
71.777481    196.309235    0.000000
71.692368    200.479340    0.000000
74.160385    203.713348    0.000000
77.564545    205.245178    0.000000
68.288193    199.202789    0.000000
68.458389    202.692108    0.000000
70.841293    205.755829    0.000000
74.585876    207.202606    0.000000
63.862732    201.841003    0.000000
64.203140    204.649475    0.000000
67.607330    207.372833    0.000000
71.947678    208.649384    0.000000
106.159653    183.288239    0.000000
100.457672    187.117950    0.000000
91.606796    190.947662    0.000000
83.606949    193.330566    0.000000
76.202927    196.053955    0.000000
67.947800    199.713409    0.000000
60.373489    205.755829    0.000000
64.458481    205.160095    0.000000
68.713715    202.096344    0.000000
74.756134    198.947479    0.000000
80.798538    197.415588    0.000000
87.692001    194.607147    0.000000
93.393967    192.819977    0.000000
101.904404    188.139221    0.000000
106.925568    185.926483    0.000000
111.095657    183.032928    0.000000
114.159470    179.798950    0.000000
63.692596    208.394073    0.000000
69.479675    206.691956    0.000000
75.181625    203.117584    0.000000
82.841019    200.138947    0.000000
90.160019    196.990051    0.000000
98.925797    193.670990    0.000000
104.457504    189.841309    0.000000
109.819138    187.117950    0.000000
113.733871    184.820129    0.000000
118.244461    180.820221    0.000000
59.437347    206.606842    0.000000
54.756561    208.989746    0.000000
52.543869    212.223755    0.000000
62.075546    207.457886    0.000000
56.033142    211.287628    0.000000
54.245972    214.351349    0.000000
64.458481    209.074921    0.000000
59.267105    212.989716    0.000000
58.160721    215.287506    0.000000
66.435959    209.833557    0.000000
63.011703    215.032196    0.000000
57.542282    206.429382    0.000000
65.139328    213.500305    0.000000
52.203445    208.734497    0.000000
59.267105    215.627930    0.000000
53.224686    207.287689    0.000000
62.756393    215.032196    0.000000
94.113419    214.357697    0.000000
97.204956    213.621613    0.000000
101.179794    209.646759    0.000000
106.185165    205.966339    0.000000
112.221008    202.874786    0.000000
117.520905    199.341583    0.000000
121.937347    194.777863    0.000000
126.353828    191.097473    0.000000
129.739853    187.858673    0.000000
131.800888    185.944855    0.000000
91.169052    212.002228    0.000000
93.966156    208.763458    0.000000
101.326981    203.905334    0.000000
108.540634    200.519348    0.000000
113.987686    197.133331    0.000000
120.465195    192.127991    0.000000
125.912178    187.711487    0.000000
128.414871    184.325500    0.000000
88.666367    210.971710    0.000000
90.138519    208.321808    0.000000
96.468887    204.641388    0.000000
103.388062    201.108185    0.000000
109.129517    197.722198    0.000000
114.429306    194.483459    0.000000
119.581909    190.361359    0.000000
124.292885    187.269806    0.000000
125.912178    185.503235    0.000000
126.353828    182.853302    0.000000
124.145638    183.883881    0.000000
125.323372    186.092072    0.000000
127.826057    188.594757    0.000000
132.242538    189.183624    0.000000
122.967880    186.386536    0.000000
124.292885    188.594757    0.000000
126.206703    190.361359    0.000000
129.739853    191.244690    0.000000
120.612473    188.005890    0.000000
121.937347    191.097473    0.000000
123.851204    193.011261    0.000000
127.237190    193.305725    0.000000
117.815323    189.919708    0.000000
118.993042    192.864044    0.000000
121.495697    194.925079    0.000000
123.998360    195.661163    0.000000
115.018173    191.391876    0.000000
115.754242    194.483459    0.000000
118.256973    197.722198    0.000000
120.906876    198.752716    0.000000
112.515488    193.305725    0.000000
112.957138    196.691681    0.000000
115.901489    200.372101    0.000000
118.256973    201.402649    0.000000
109.865585    194.925079    0.000000
110.095474    198.605499    0.000000
112.368271    201.402649    0.000000
115.754242    203.169220    0.000000
106.479630    196.986115    0.000000
106.774033    200.813782    0.000000
108.687851    203.905334    0.000000
112.221008    205.083038    0.000000
102.946411    199.636047    0.000000
103.409302    202.638611    0.000000
106.059204    206.024628    0.000000
108.687851    206.849640    0.000000
99.854843    200.960968    0.000000
100.296524    204.199738    0.000000
102.946411    208.174591    0.000000
105.890762    209.352356    0.000000
96.616089    203.169220    0.000000
96.616089    206.260773    0.000000
99.560455    210.677277    0.000000
103.240814    212.296661    0.000000
91.021851    205.819153    0.000000
91.905136    208.469025    0.000000
96.027222    212.443878    0.000000
100.149261    214.652130    0.000000
87.783035    208.174591    0.000000
91.463516    209.057892    0.000000
96.468887    212.738312    0.000000
84.838745    212.002228    0.000000
87.635895    215.093811    0.000000
92.641251    216.271515    0.000000
95.732758    215.977112    0.000000
82.777740    214.063263    0.000000
85.427612    217.302032    0.000000
89.844116    219.215851    0.000000
93.966156    219.363068    0.000000
96.910553    218.038116    0.000000
81.452774    216.124268    0.000000
84.599365    218.897034    0.000000
89.255249    220.540802    0.000000
93.524551    220.540802    0.000000
96.321625    219.657532    0.000000
81.011124    218.332550    0.000000
84.366379    220.838348    0.000000
89.813431    221.721680    0.000000
95.291092    221.424103    0.000000
81.894394    221.276886    0.000000
86.605362    222.749084    0.000000
89.844116    223.043488    0.000000
93.524551    222.749084    0.000000
89.108032    211.560577    0.000000
86.016495    214.210480    0.000000
83.808273    217.449249    0.000000
83.366592    220.540802    0.000000
84.691483    223.485138    0.000000
91.169052    212.591095    0.000000
88.224716    215.388214    0.000000
86.752563    219.951935    0.000000
87.488632    224.515656    0.000000
92.052322    212.885529    0.000000
92.346786    216.860382    0.000000
91.463516    220.393585    0.000000
89.991379    222.601837    0.000000
88.813583    224.074005    0.000000
94.407822    214.210480    0.000000
94.702225    218.774200    0.000000
93.524551    221.865784    0.000000
91.552444    224.106262    0.000000
