93
0.013463 2.224094 -0.596946
0.013463 1.106906 -0.925071
0.013463 0.802219 -0.589133
0.013463 0.825656 -0.096946
0.013463 1.302219 0.356179
0.497838 2.208469 -0.581321
-0.470912 2.208469 -0.581321
0.693150 2.145969 -0.479758
-0.666225 2.145969 -0.479758
0.810338 2.114719 -0.432883
-0.783412 2.114719 -0.432883
0.786900 2.028781 -0.190696
-0.759975 2.028781 -0.190696
0.615025 2.067844 -0.026633
-0.588100 2.067844 -0.026633
0.450963 2.122531 0.067117
-0.424037 2.122531 0.067117
0.013463 1.942844 -0.925071
0.013463 1.575656 -1.011008
0.013463 0.981906 0.168679
0.013463 1.841281 0.434304
0.013463 1.935031 0.457742
0.865025 1.708469 -0.261008
-0.838100 1.708469 -0.261008
0.872838 1.606906 -0.346946
-0.845912 1.606906 -0.346946
0.786900 1.216281 -0.292258
-0.759975 1.216281 -0.292258
0.474400 0.950656 -0.464133
-0.447475 0.950656 -0.464133
0.747838 1.724094 0.020242
-0.720912 1.724094 0.020242
0.607213 1.489719 0.098367
-0.580287 1.489719 0.098367
0.654088 1.224094 -0.018821
-0.627162 1.224094 -0.018821
0.349400 0.989719 -0.081321
-0.322475 0.989719 -0.081321
0.247838 2.060031 0.324929
-0.220912 2.060031 0.324929
0.193150 1.911594 0.387429
-0.166225 1.911594 0.387429
0.232213 2.083469 0.254617
-0.205287 2.083469 0.254617
0.224400 2.122531 0.199929
-0.197475 2.122531 0.199929
0.224400 1.817844 0.363992
-0.197475 1.817844 0.363992
0.310338 1.388156 0.285867
-0.283412 1.388156 0.285867
0.357213 1.114719 0.121804
-0.330287 1.114719 0.121804
0.466588 1.270969 -0.893821
-0.439662 1.270969 -0.893821
0.466588 1.583469 -0.956321
-0.439662 1.583469 -0.956321
0.466588 1.888156 -0.878196
-0.439662 1.888156 -0.878196
0.474400 2.083469 -0.550071
-0.447475 2.083469 -0.550071
0.740025 1.989719 -0.432883
-0.713100 1.989719 -0.432883
0.646275 1.935031 -0.479758
-0.619350 1.935031 -0.479758
0.654088 1.708469 -0.729758
-0.627162 1.708469 -0.729758
0.810338 1.778781 -0.589133
-0.783412 1.778781 -0.589133
0.810338 1.536594 -0.643821
-0.783412 1.536594 -0.643821
0.654088 1.458469 -0.776633
-0.627162 1.458469 -0.776633
0.654088 1.208469 -0.706321
-0.627162 1.208469 -0.706321
0.810338 1.294406 -0.565696
-0.783412 1.294406 -0.565696
0.630650 1.067844 -0.354758
-0.603725 1.067844 -0.354758
0.497838 1.106906 -0.050071
-0.470912 1.106906 -0.050071
0.833775 1.450656 -0.354758
-0.806850 1.450656 -0.354758
0.419713 1.802219 0.145242
-0.392787 1.802219 0.145242
0.443150 1.442844 0.168679
-0.416225 1.442844 0.168679
-0.830287 1.442844 -0.315696
0.740025 1.583469 -0.026633
-0.713100 1.583469 -0.026633
0.732213 1.481906 -0.003196
-0.705287 1.481906 -0.003196
-0.705287 1.466281 -0.065696
-0.783412 1.442844 -0.229758

119
-0.189662 2.153781 0.145242
0.216588 2.153781 0.145242
-0.197475 2.122531 0.199929
0.224400 2.122531 0.199929
-0.205287 2.083469 0.254617
0.232213 2.083469 0.254617
-0.150600 2.091281 0.918679
0.177525 2.091281 0.918679
-0.111537 2.013156 0.512429
0.138463 2.013156 0.512429
-0.127162 2.020969 0.731179
0.154088 2.020969 0.731179
-0.314662 2.052219 0.887429
0.341588 2.052219 0.887429
-0.236537 2.044406 0.473367
0.263463 2.044406 0.473367
-0.275600 2.036594 0.684304
0.302525 2.036594 0.684304
-0.166225 1.911594 0.387429
0.193150 1.911594 0.387429
-0.220912 2.060031 0.324929
0.247838 2.060031 0.324929
0.013463 1.935031 0.457742
0.013463 1.974094 0.543679
0.013463 1.997531 0.778054
0.013463 2.114719 0.949929
0.013463 2.286594 0.832742
-0.033412 2.286594 0.824929
0.060338 2.286594 0.824929
-0.080287 2.294406 0.785867
0.107213 2.294406 0.785867
-0.080287 2.317844 0.723367
0.107213 2.317844 0.723367
0.013463 2.310031 0.754617
-0.080287 2.380344 0.715554
0.107213 2.380344 0.715554
-0.080287 2.364719 0.793679
0.107213 2.364719 0.793679
-0.033412 2.341281 0.840554
0.060338 2.341281 0.840554
0.013463 2.341281 0.848367
-0.220912 2.208469 0.223367
0.247838 2.208469 0.223367
-0.166225 2.364719 0.285867
0.193150 2.364719 0.285867
-0.150600 2.364719 0.215554
0.177525 2.364719 0.215554
-0.244350 2.208469 0.285867
0.271275 2.208469 0.285867
0.013463 2.458469 0.262429
-0.064662 2.458469 0.223367
0.091588 2.458469 0.223367
-0.095912 2.481906 0.199929
0.122838 2.481906 0.199929
-0.080287 2.466281 0.129617
0.107213 2.466281 0.129617
-0.033412 2.466281 0.121804
0.060338 2.466281 0.121804
0.013463 2.481906 0.176492
-0.025600 2.435031 0.098367
0.052525 2.435031 0.098367
-0.095912 2.435031 0.106179
0.122838 2.435031 0.106179
-0.119350 2.450656 0.199929
0.146275 2.450656 0.199929
-0.080287 2.435031 0.246804
0.107213 2.435031 0.246804
0.013463 2.395969 0.301492
0.013463 2.403781 0.418679
-0.064662 2.403781 0.418679
0.091588 2.403781 0.418679
-0.103725 2.388156 0.660867
0.130650 2.388156 0.660867
0.013463 2.294406 0.918679
-0.150600 2.286594 0.903054
0.177525 2.286594 0.903054
-0.220912 2.286594 0.887429
0.247838 2.286594 0.887429
-0.252162 2.317844 0.793679
0.279088 2.317844 0.793679
-0.236537 2.341281 0.676492
0.263463 2.341281 0.676492
-0.197475 2.364719 0.418679
0.224400 2.364719 0.418679
-0.111537 2.466281 0.074929
0.138463 2.466281 0.074929
-0.072475 2.395969 0.262429
0.099400 2.395969 0.262429
-0.111537 2.403781 0.199929
0.138463 2.403781 0.199929
-0.088100 2.395969 0.121804
0.115025 2.395969 0.121804
0.013463 2.395969 0.113992
0.013463 2.403781 0.168679
0.013463 2.341281 0.863992
-0.049037 2.349094 0.856179
0.075963 2.349094 0.856179
-0.103725 2.364719 0.809304
0.130650 2.364719 0.809304
-0.095912 2.388156 0.692117
0.122838 2.388156 0.692117
0.013463 2.388156 0.738992
0.013463 2.231906 0.957742
-0.166225 2.208469 0.942117
0.193150 2.208469 0.942117
-0.314662 2.177219 0.918679
0.341588 2.177219 0.918679
-0.353725 2.185031 0.863992
0.380650 2.185031 0.863992
-0.338100 2.224094 0.668679
0.365025 2.224094 0.668679
-0.299037 2.224094 0.410867
0.325963 2.224094 0.410867
-0.189662 2.216281 0.160867
0.216588 2.216281 0.160867
0.013463 2.372531 0.746804
0.013463 2.450656 0.160867
0.013463 2.435031 0.293679
0.013463 2.388156 0.653054

112
-0.447475 2.083469 -0.550071
-0.189662 2.153781 0.145242
-0.197475 2.122531 0.199929
-0.424037 2.122531 0.067117
-0.588100 2.067844 -0.026633
-0.759975 2.028781 -0.190696
-0.783412 2.114719 -0.432883
-0.666225 2.145969 -0.479758
-0.470912 2.208469 -0.581321
-0.322475 2.247531 -0.714133
-0.181850 2.270969 -0.690696
-0.095912 2.263156 -0.487571
-0.181850 2.403781 -0.253196
-0.189662 2.403781 -0.198508
-0.322475 2.403781 -0.432883
-0.267787 2.419406 -0.425071
-0.400600 2.403781 -0.417258
-0.517787 2.333469 -0.362571
-0.541225 2.325656 -0.307883
-0.533412 2.325656 -0.237571
-0.447475 2.356906 -0.143821
-0.361537 2.380344 -0.112571
-0.228725 2.411594 -0.151633
-0.181850 2.411594 -0.323508
-0.220912 2.411594 -0.386008
-0.197475 2.435031 -0.401633
-0.166225 2.435031 -0.323508
-0.213100 2.435031 -0.136008
-0.361537 2.395969 -0.089133
-0.463100 2.372531 -0.128196
-0.564662 2.333469 -0.221946
-0.572475 2.341281 -0.315696
-0.549037 2.349094 -0.378196
-0.408412 2.427219 -0.425071
-0.259975 2.427219 -0.448508
-0.322475 2.411594 -0.456321
-0.174037 2.427219 -0.182883
-0.158412 2.435031 -0.245383
-0.119350 2.411594 -0.237571
-0.150600 2.403781 -0.167258
-0.314662 2.395969 -0.503196
0.013463 2.419406 -0.237571
0.013463 2.380344 -0.073508
-0.111537 2.466281 0.074929
-0.088100 2.497531 -0.456321
-0.189662 2.505344 -0.643821
-0.299037 2.489719 -0.667258
-0.424037 2.450656 -0.573508
-0.674037 2.380344 -0.440696
-0.728725 2.310031 -0.401633
-0.713100 2.255344 -0.229758
-0.603725 2.278781 -0.081321
-0.384975 2.325656 0.020242
-0.088100 2.395969 0.121804
0.013463 2.395969 0.113992
-0.236537 2.411594 -0.495383
-0.416225 2.372531 -0.464133
-0.588100 2.317844 -0.401633
-0.627162 2.302219 -0.323508
-0.611537 2.302219 -0.214133
-0.478725 2.325656 -0.089133
-0.361537 2.356906 -0.042258
-0.189662 2.395969 -0.120383
-0.111537 2.419406 -0.331321
-0.150600 2.427219 -0.440696
-0.049037 2.403781 -0.518821
-0.142787 2.411594 -0.745383
-0.306850 2.388156 -0.784446
-0.478725 2.341281 -0.628196
-0.697475 2.278781 -0.511008
-0.845912 2.247531 -0.456321
-0.814662 2.099094 -0.175071
-0.619350 2.192844 0.012429
-0.424037 2.185031 0.113992
-0.189662 2.216281 0.160867
0.013463 2.224094 -0.596946
0.013463 2.255344 -0.432883
0.013463 2.474094 -0.378196
0.013463 2.395969 -0.456321
-0.431850 2.435031 -0.182883
-0.338100 2.458469 -0.143821
-0.338100 2.481906 -0.268821
-0.252162 2.474094 -0.182883
-0.213100 2.474094 -0.268821
-0.252162 2.474094 -0.362571
-0.338100 2.458469 -0.401633
-0.431850 2.435031 -0.362571
-0.463100 2.427219 -0.268821
-0.455287 2.411594 -0.268821
-0.549037 2.325656 -0.268821
-0.611537 2.216281 -0.268821
-0.533412 2.231906 -0.464133
-0.486537 2.341281 -0.417258
-0.424037 2.419406 -0.354758
-0.338100 2.435031 -0.386008
-0.338100 2.372531 -0.479758
-0.338100 2.270969 -0.542258
-0.142787 2.302219 -0.464133
-0.189662 2.395969 -0.417258
-0.259975 2.450656 -0.354758
-0.228725 2.450656 -0.268821
-0.127162 2.395969 -0.268821
-0.064662 2.310031 -0.268821
-0.142787 2.302219 -0.081321
-0.189662 2.395969 -0.120383
-0.259975 2.450656 -0.190696
-0.338100 2.435031 -0.159446
-0.338100 2.372531 -0.057883
-0.338100 2.270969 -0.003196
-0.533412 2.231906 -0.081321
-0.486537 2.341281 -0.120383
-0.424037 2.419406 -0.190696

112
0.450963 2.419406 -0.190696
0.513463 2.341281 -0.120383
0.560338 2.231906 -0.081321
0.365025 2.270969 -0.003196
0.365025 2.372531 -0.057883
0.365025 2.435031 -0.159446
0.286900 2.450656 -0.190696
0.216588 2.395969 -0.120383
0.169713 2.302219 -0.081321
0.091588 2.310031 -0.268821
0.154088 2.395969 -0.268821
0.255650 2.450656 -0.268821
0.286900 2.450656 -0.354758
0.216588 2.395969 -0.417258
0.169713 2.302219 -0.464133
0.365025 2.270969 -0.542258
0.365025 2.372531 -0.479758
0.365025 2.435031 -0.386008
0.450963 2.419406 -0.354758
0.513463 2.341281 -0.417258
0.560338 2.231906 -0.464133
0.638463 2.216281 -0.268821
0.575963 2.325656 -0.268821
0.482213 2.411594 -0.268821
0.490025 2.427219 -0.268821
0.458775 2.435031 -0.362571
0.365025 2.458469 -0.401633
0.279088 2.474094 -0.362571
0.240025 2.474094 -0.268821
0.279088 2.474094 -0.182883
0.365025 2.481906 -0.268821
0.365025 2.458469 -0.143821
0.458775 2.435031 -0.182883
0.013463 2.395969 -0.456321
0.013463 2.474094 -0.378196
0.013463 2.255344 -0.432883
0.013463 2.224094 -0.596946
0.216588 2.216281 0.160867
0.450963 2.185031 0.113992
0.646275 2.192844 0.012429
0.841588 2.099094 -0.175071
0.872838 2.247531 -0.456321
0.724400 2.278781 -0.511008
0.505650 2.341281 -0.628196
0.333775 2.388156 -0.784446
0.169713 2.411594 -0.745383
0.075963 2.403781 -0.518821
0.177525 2.427219 -0.440696
0.138463 2.419406 -0.331321
0.216588 2.395969 -0.120383
0.388463 2.356906 -0.042258
0.505650 2.325656 -0.089133
0.638463 2.302219 -0.214133
0.654088 2.302219 -0.323508
0.615025 2.317844 -0.401633
0.443150 2.372531 -0.464133
0.263463 2.411594 -0.495383
0.013463 2.395969 0.113992
0.115025 2.395969 0.121804
0.411900 2.325656 0.020242
0.630650 2.278781 -0.081321
0.740025 2.255344 -0.229758
0.755650 2.310031 -0.401633
0.700963 2.380344 -0.440696
0.450963 2.450656 -0.573508
0.325963 2.489719 -0.667258
0.216588 2.505344 -0.643821
0.115025 2.497531 -0.456321
0.138463 2.466281 0.074929
0.013463 2.380344 -0.073508
0.013463 2.419406 -0.237571
0.341588 2.395969 -0.503196
0.177525 2.403781 -0.167258
0.146275 2.411594 -0.237571
0.185338 2.435031 -0.245383
0.200963 2.427219 -0.182883
0.349400 2.411594 -0.456321
0.286900 2.427219 -0.448508
0.435338 2.427219 -0.425071
0.575963 2.349094 -0.378196
0.599400 2.341281 -0.315696
0.591588 2.333469 -0.221946
0.490025 2.372531 -0.128196
0.388463 2.395969 -0.089133
0.240025 2.435031 -0.136008
0.193150 2.435031 -0.323508
0.224400 2.435031 -0.401633
0.247838 2.411594 -0.386008
0.208775 2.411594 -0.323508
0.255650 2.411594 -0.151633
0.388463 2.380344 -0.112571
0.474400 2.356906 -0.143821
0.560338 2.325656 -0.237571
0.568150 2.325656 -0.307883
0.544713 2.333469 -0.362571
0.427525 2.403781 -0.417258
0.294713 2.419406 -0.425071
0.349400 2.403781 -0.432883
0.216588 2.403781 -0.198508
0.208775 2.403781 -0.253196
0.122838 2.263156 -0.487571
0.208775 2.270969 -0.690696
0.349400 2.247531 -0.714133
0.497838 2.208469 -0.581321
0.693150 2.145969 -0.479758
0.810338 2.114719 -0.432883
0.786900 2.028781 -0.190696
0.615025 2.067844 -0.026633
0.450963 2.122531 0.067117
0.224400 2.122531 0.199929
0.216588 2.153781 0.145242
0.474400 2.083469 -0.550071

63
-0.845912 1.270969 -0.409446
-0.775600 1.325656 0.098367
-1.025600 1.161594 0.059304
-1.299037 1.122531 -0.081321
-1.353725 1.153781 -0.323508
-1.236537 1.106906 -0.495383
-1.009975 1.169406 -0.464133
-1.072475 1.263156 -0.300071
-1.095912 1.263156 -0.237571
-1.041225 1.270969 -0.214133
-1.002162 1.278781 -0.261008
-0.947475 1.302219 -0.198508
-0.986537 1.286594 -0.151633
-0.924037 1.317844 -0.089133
-0.877162 1.325656 -0.136008
-0.939662 1.310031 -0.315696
-0.869350 1.388156 -0.011008
-1.033412 1.231906 -0.026633
-1.197475 1.169406 -0.112571
-1.244350 1.161594 -0.268821
-1.174037 1.169406 -0.370383
-1.025600 1.239719 -0.354758
-0.830287 1.333469 -0.198508
-0.752162 1.333469 -0.120383
-0.814662 1.333469 -0.104758
-0.838100 1.333469 -0.042258
-0.799037 1.333469 -0.011008
-0.877162 1.333469 -0.261008
-0.877162 1.388156 -0.268821
-0.783412 1.442844 -0.229758
-0.705287 1.466281 -0.065696
-0.705287 1.481906 -0.003196
-0.799037 1.380344 -0.011008
-0.830287 1.380344 -0.042258
-0.806850 1.380344 -0.112571
-0.744350 1.380344 -0.120383
-0.822475 1.380344 -0.198508
-0.830287 1.442844 -0.315696
-1.009975 1.294406 -0.370383
-1.158412 1.216281 -0.386008
-1.220912 1.208469 -0.276633
-1.174037 1.208469 -0.120383
-1.025600 1.286594 -0.026633
-0.869350 1.442844 -0.003196
-0.931850 1.364719 -0.331321
-0.908412 1.435031 -0.386008
-0.814662 1.520969 0.043679
-1.017787 1.349094 0.012429
-1.197475 1.247531 -0.104758
-1.252162 1.247531 -0.315696
-1.174037 1.263156 -0.464133
-1.002162 1.364719 -0.440696
-1.009975 1.341281 -0.503196
-1.220912 1.231906 -0.534446
-1.338100 1.231906 -0.346946
-1.267787 1.224094 -0.081321
-1.025600 1.325656 0.074929
-0.759975 1.528781 0.113992
-0.877162 1.419406 -0.432883
-0.806850 1.450656 -0.354758
-0.627162 1.224094 -0.018821
-0.580287 1.489719 0.098367
-0.759975 1.216281 -0.292258

65
0.872838 1.270969 -0.409446
0.802525 1.325656 0.098367
1.052525 1.161594 0.059304
1.325963 1.122531 -0.081321
1.380650 1.153781 -0.323508
1.263463 1.106906 -0.495383
1.036900 1.169406 -0.464133
1.099400 1.263156 -0.300071
1.122838 1.263156 -0.237571
1.068150 1.270969 -0.214133
1.029088 1.278781 -0.261008
0.974400 1.302219 -0.198508
1.013463 1.286594 -0.151633
0.950963 1.317844 -0.089133
0.904088 1.325656 -0.136008
0.966588 1.310031 -0.315696
0.896275 1.388156 -0.011008
1.060338 1.231906 -0.026633
1.224400 1.169406 -0.112571
1.271275 1.161594 -0.268821
1.200963 1.169406 -0.370383
1.052525 1.239719 -0.354758
0.857213 1.333469 -0.198508
0.779088 1.333469 -0.120383
0.841588 1.333469 -0.104758
0.865025 1.333469 -0.042258
0.825963 1.333469 -0.011008
0.904088 1.333469 -0.261008
0.904088 1.388156 -0.268821
0.810338 1.442844 -0.229758
0.732213 1.466281 -0.065696
0.732213 1.481906 -0.003196
0.740025 1.583469 -0.026633
0.825963 1.380344 -0.011008
0.857213 1.380344 -0.042258
0.833775 1.380344 -0.112571
0.771275 1.380344 -0.120383
0.849400 1.380344 -0.198508
0.857213 1.442844 -0.315696
1.036900 1.294406 -0.370383
1.185338 1.216281 -0.386008
1.247838 1.208469 -0.276633
1.200963 1.208469 -0.120383
1.052525 1.286594 -0.026633
0.896275 1.442844 -0.003196
0.958775 1.364719 -0.331321
0.935338 1.435031 -0.386008
0.841588 1.520969 0.043679
1.044713 1.349094 0.012429
1.224400 1.247531 -0.104758
1.279088 1.247531 -0.315696
1.200963 1.263156 -0.464133
1.029088 1.364719 -0.440696
1.036900 1.341281 -0.503196
1.247838 1.231906 -0.534446
1.365025 1.231906 -0.346946
1.294713 1.224094 -0.081321
1.052525 1.325656 0.074929
0.786900 1.528781 0.113992
0.904088 1.419406 -0.432883
0.833775 1.450656 -0.354758
0.654088 1.224094 -0.018821
0.607213 1.489719 0.098367
0.786900 1.216281 -0.292258
0.872838 1.606906 -0.346946
