507
1.283076 1.831583 0.503924
0.408076 1.831583 0.503924
1.345576 1.753458 0.574236
0.345576 1.753458 0.574236
1.392451 1.644083 0.613299
0.298701 1.644083 0.613299
1.197139 1.683146 0.691424
0.494014 1.683146 0.691424
1.197139 1.784708 0.636736
0.494014 1.784708 0.636736
1.197139 1.847208 0.535174
0.494014 1.847208 0.535174
1.119014 1.862833 0.503924
0.572139 1.862833 0.503924
1.048701 1.808146 0.574236
0.642451 1.808146 0.574236
1.001826 1.714396 0.613299
0.689326 1.714396 0.613299
0.923701 1.722208 0.425799
0.767451 1.722208 0.425799
0.986201 1.808146 0.425799
0.704951 1.808146 0.425799
1.087764 1.862833 0.425799
0.603389 1.862833 0.425799
1.119014 1.862833 0.339861
0.572139 1.862833 0.339861
1.048701 1.808146 0.277361
0.642451 1.808146 0.277361
1.001826 1.714396 0.230486
0.689326 1.714396 0.230486
1.197139 1.683146 0.152361
0.494014 1.683146 0.152361
1.197139 1.784708 0.214861
0.494014 1.784708 0.214861
1.197139 1.847208 0.308611
0.494014 1.847208 0.308611
1.283076 1.831583 0.339861
0.408076 1.831583 0.339861
1.345576 1.753458 0.277361
0.345576 1.753458 0.277361
1.392451 1.644083 0.230486
0.298701 1.644083 0.230486
1.470576 1.628458 0.425799
0.220576 1.628458 0.425799
1.408076 1.737833 0.425799
0.283076 1.737833 0.425799
1.314326 1.823771 0.425799
0.376826 1.823771 0.425799
1.322139 1.839396 0.425799
0.369014 1.839396 0.425799
1.290889 1.847208 0.332049
0.400264 1.847208 0.332049
1.197139 1.870646 0.292986
0.494014 1.870646 0.292986
1.111201 1.886271 0.332049
0.579951 1.886271 0.332049
1.072139 1.886271 0.425799
0.619014 1.886271 0.425799
1.111201 1.886271 0.511736
0.579951 1.886271 0.511736
1.197139 1.894083 0.425799
0.494014 1.894083 0.425799
1.197139 1.870646 0.550799
0.494014 1.870646 0.550799
1.290889 1.847208 0.511736
0.400264 1.847208 0.511736
0.845576 1.808146 0.238299
0.845576 1.886271 0.316424
0.845576 1.800333 1.347674
0.845576 1.847208 0.988299
0.845576 1.862833 0.855486
0.845576 1.784708 1.441424
0.845576 1.667521 0.261736
0.845576 1.636271 0.097674
0.845576 0.519083 -0.230451
0.845576 0.214396 0.105486
0.845576 0.237833 0.597674
0.845576 0.714396 1.050799
1.048701 1.628458 0.855486
0.642451 1.628458 0.855486
1.158076 1.636271 1.105486
0.533076 1.636271 1.105486
1.197139 1.636271 1.363299
0.494014 1.636271 1.363299
1.212764 1.597208 1.558611
0.478389 1.597208 1.558611
1.173701 1.589396 1.613299
0.517451 1.589396 1.613299
1.025264 1.620646 1.636736
0.665889 1.620646 1.636736
0.845576 1.644083 1.652361
1.283076 1.597208 0.808611
0.408076 1.597208 0.808611
1.478389 1.605021 0.707049
0.212764 1.605021 0.707049
1.673701 1.511271 0.519549
0.017451 1.511271 0.519549
1.704951 1.659708 0.238299
-0.013799 1.659708 0.238299
1.556514 1.690958 0.183611
0.134639 1.690958 0.183611
1.337764 1.753458 0.066424
0.353389 1.753458 0.066424
1.165889 1.800333 -0.089826
0.525264 1.800333 -0.089826
1.001826 1.823771 -0.050764
0.689326 1.823771 -0.050764
0.908076 1.815958 0.175799
0.783076 1.815958 0.175799
1.009639 1.839396 0.253924
0.681514 1.839396 0.253924
0.970576 1.831583 0.363299
0.720576 1.831583 0.363299
1.048701 1.808146 0.574236
0.642451 1.808146 0.574236
1.220576 1.769083 0.652361
0.470576 1.769083 0.652361
1.337764 1.737833 0.605486
0.353389 1.737833 0.605486
1.470576 1.714396 0.480486
0.220576 1.714396 0.480486
1.486201 1.714396 0.371111
0.204951 1.714396 0.371111
1.447139 1.730021 0.292986
0.244014 1.730021 0.292986
1.275264 1.784708 0.230486
0.415889 1.784708 0.230486
1.095576 1.823771 0.199236
0.595576 1.823771 0.199236
0.845576 1.800333 1.433611
0.954951 1.800333 1.386736
0.736201 1.800333 1.386736
0.962764 1.776896 1.503924
0.728389 1.776896 1.503924
0.908076 1.761271 1.550799
0.783076 1.761271 1.550799
0.845576 1.753458 1.558611
0.845576 1.815958 0.863299
0.845576 1.808146 0.808611
0.947139 1.808146 0.816424
0.744014 1.808146 0.816424
0.970576 1.815958 0.894549
0.720576 1.815958 0.894549
0.931514 1.808146 0.957049
0.759639 1.808146 0.957049
1.244014 1.737833 0.714861
0.447139 1.737833 0.714861
1.462764 1.690958 0.613299
0.228389 1.690958 0.613299
1.572139 1.667521 0.464861
0.119014 1.667521 0.464861
1.587764 1.722208 0.292986
0.103389 1.722208 0.292986
1.533076 1.792521 0.253924
0.158076 1.792521 0.253924
1.283076 1.862833 0.121111
0.408076 1.862833 0.121111
1.158076 1.901896 0.027361
0.533076 1.901896 0.027361
1.048701 1.917521 0.050799
0.642451 1.917521 0.050799
0.947139 1.909708 0.238299
0.744014 1.909708 0.238299
0.970576 1.878458 0.769549
0.720576 1.878458 0.769549
1.056514 1.776896 1.113299
0.634639 1.776896 1.113299
1.095576 1.753458 1.371111
0.595576 1.753458 1.371111
1.111201 1.730021 1.488299
0.579951 1.730021 1.488299
1.079951 1.698771 1.582049
0.611201 1.698771 1.582049
1.009639 1.698771 1.597674
0.681514 1.698771 1.597674
0.845576 1.706583 1.613299
0.845576 1.792521 0.621111
0.845576 1.831583 0.457049
1.173701 1.808146 0.191424
0.517451 1.808146 0.191424
1.009639 1.815958 0.527361
0.681514 1.815958 0.527361
0.978389 1.823771 0.457049
0.712764 1.823771 0.457049
0.962764 1.800333 1.355486
0.728389 1.800333 1.355486
0.923701 1.815958 1.113299
0.767451 1.815958 1.113299
0.845576 1.815958 1.113299
0.845576 1.808146 0.996111
0.939326 1.847208 0.941424
0.751826 1.847208 0.941424
0.978389 1.862833 0.894549
0.712764 1.862833 0.894549
0.954951 1.847208 0.800799
0.736201 1.847208 0.800799
0.884639 1.847208 0.792986
0.806514 1.847208 0.792986
0.845576 1.894083 0.871111
0.892451 1.878458 0.816424
0.798701 1.878458 0.816424
0.939326 1.878458 0.824236
0.751826 1.878458 0.824236
0.954951 1.894083 0.894549
0.736201 1.894083 0.894549
0.923701 1.870646 0.917986
0.767451 1.870646 0.917986
0.845576 1.870646 0.957049
1.103389 1.620646 0.980486
0.587764 1.620646 0.980486
1.009639 1.776896 0.910174
0.681514 1.776896 0.910174
1.025264 1.776896 0.980486
0.665889 1.776896 0.980486
1.079951 1.620646 0.917986
0.611201 1.620646 0.917986
0.845576 1.753458 1.542986
0.892451 1.753458 1.535174
0.798701 1.753458 1.535174
0.939326 1.776896 1.488299
0.751826 1.776896 1.488299
0.939326 1.792521 1.410174
0.751826 1.792521 1.410174
0.845576 1.722208 1.449236
0.939326 1.730021 1.417986
0.751826 1.730021 1.417986
0.939326 1.706583 1.480486
0.751826 1.706583 1.480486
0.892451 1.698771 1.519549
0.798701 1.698771 1.519549
0.845576 1.698771 1.527361
1.017451 1.847208 0.449236
0.673701 1.847208 0.449236
1.033076 1.839396 0.511736
0.658076 1.839396 0.511736
1.181514 1.823771 0.238299
0.509639 1.823771 0.238299
1.119014 1.839396 0.246111
0.572139 1.839396 0.246111
1.267451 1.839396 0.269549
0.423701 1.839396 0.269549
1.408076 1.761271 0.316424
0.283076 1.761271 0.316424
1.431514 1.753458 0.378924
0.259639 1.753458 0.378924
1.423701 1.745646 0.472674
0.267451 1.745646 0.472674
1.322139 1.784708 0.566424
0.369014 1.784708 0.566424
1.220576 1.808146 0.605486
0.470576 1.808146 0.605486
1.072139 1.847208 0.558611
0.619014 1.847208 0.558611
1.025264 1.847208 0.371111
0.665889 1.847208 0.371111
1.056514 1.847208 0.292986
0.634639 1.847208 0.292986
1.079951 1.823771 0.308611
0.611201 1.823771 0.308611
1.040889 1.823771 0.371111
0.650264 1.823771 0.371111
1.087764 1.823771 0.542986
0.603389 1.823771 0.542986
1.220576 1.792521 0.582049
0.470576 1.792521 0.582049
1.306514 1.769083 0.550799
0.384639 1.769083 0.550799
1.392451 1.737833 0.457049
0.298701 1.737833 0.457049
1.400264 1.737833 0.386736
0.290889 1.737833 0.386736
1.376826 1.745646 0.332049
0.314326 1.745646 0.332049
1.259639 1.815958 0.277361
0.431514 1.815958 0.277361
1.126826 1.831583 0.269549
0.564326 1.831583 0.269549
1.181514 1.815958 0.261736
0.509639 1.815958 0.261736
1.048701 1.815958 0.496111
0.642451 1.815958 0.496111
1.040889 1.815958 0.441424
0.650264 1.815958 0.441424
0.954951 1.675333 0.207049
0.736201 1.675333 0.207049
1.040889 1.683146 0.003924
0.650264 1.683146 0.003924
1.181514 1.659708 -0.019514
0.509639 1.659708 -0.019514
1.329951 1.620646 0.113299
0.361201 1.620646 0.113299
1.525264 1.558146 0.214861
0.165889 1.558146 0.214861
1.642451 1.526896 0.261736
0.048701 1.526896 0.261736
1.619014 1.440958 0.503924
0.072139 1.440958 0.503924
1.447139 1.480021 0.667986
0.244014 1.480021 0.667986
1.283076 1.534708 0.761736
0.408076 1.534708 0.761736
0.845576 1.355021 -0.230451
0.845576 0.987833 -0.316389
0.845576 0.394083 0.863299
0.845576 1.253458 1.128924
0.845576 1.526896 1.644549
0.845576 1.409708 1.472674
0.845576 1.386271 1.238299
0.845576 1.347208 1.152361
1.697139 1.120646 0.433611
-0.005986 1.120646 0.433611
1.704951 1.019083 0.347674
-0.013799 1.019083 0.347674
1.619014 0.628458 0.402361
0.072139 0.628458 0.402361
1.306514 0.362833 0.230486
0.384639 0.362833 0.230486
1.579951 1.136271 0.714861
0.111201 1.136271 0.714861
1.439326 0.901896 0.792986
0.251826 0.901896 0.792986
1.486201 0.636271 0.675799
0.204951 0.636271 0.675799
1.181514 0.401896 0.613299
0.509639 0.401896 0.613299
1.079951 1.472208 1.019549
0.611201 1.472208 1.019549
1.025264 1.323771 1.082049
0.665889 1.323771 1.082049
1.134639 1.448771 1.378924
0.556514 1.448771 1.378924
1.095576 1.456583 1.167986
0.595576 1.456583 1.167986
1.173701 1.464396 1.582049
0.517451 1.464396 1.582049
0.986201 1.433146 1.425799
0.704951 1.433146 1.425799
0.970576 1.425333 1.207049
0.720576 1.425333 1.207049
1.009639 1.503458 1.613299
0.681514 1.503458 1.613299
1.064326 1.495646 0.949236
0.626826 1.495646 0.949236
1.056514 1.534708 0.894549
0.634639 1.534708 0.894549
1.048701 1.565958 0.839861
0.642451 1.565958 0.839861
1.056514 1.230021 1.058611
0.634639 1.230021 1.058611
1.142451 0.800333 0.980486
0.548701 0.800333 0.980486
1.189326 0.526896 0.816424
0.501826 0.526896 0.816424
1.298701 0.683146 -0.199201
0.392451 0.683146 -0.199201
1.298701 0.995646 -0.261701
0.392451 0.995646 -0.261701
1.298701 1.300333 -0.183576
0.392451 1.300333 -0.183576
1.306514 1.495646 0.144549
0.384639 1.495646 0.144549
1.572139 1.401896 0.261736
0.119014 1.401896 0.261736
1.478389 1.347208 0.214861
0.212764 1.347208 0.214861
1.486201 1.120646 -0.035139
0.204951 1.120646 -0.035139
1.642451 1.190958 0.105486
0.048701 1.190958 0.105486
1.642451 0.948771 0.050799
0.048701 0.948771 0.050799
1.486201 0.870646 -0.082014
0.204951 0.870646 -0.082014
1.486201 0.620646 -0.011701
0.204951 0.620646 -0.011701
1.642451 0.706583 0.128924
0.048701 0.706583 0.128924
1.462764 0.480021 0.339861
0.228389 0.480021 0.339861
1.329951 0.519083 0.644549
0.361201 0.519083 0.644549
1.665889 0.862833 0.339861
0.025264 0.862833 0.339861
1.251826 1.214396 0.839861
0.439326 1.214396 0.839861
1.275264 0.855021 0.863299
0.415889 0.855021 0.863299
1.736201 0.831583 0.261736
-0.045049 0.831583 0.261736
1.619014 0.940958 0.808611
0.072139 0.940958 0.808611
1.884639 0.737833 0.769549
-0.193486 0.737833 0.769549
2.126826 0.636271 0.613299
-0.435674 0.636271 0.613299
2.197139 0.644083 0.347674
-0.505986 0.644083 0.347674
2.079951 0.644083 0.160174
-0.388799 0.644083 0.160174
1.869014 0.753458 0.191424
-0.177861 0.753458 0.191424
1.861201 0.776896 0.253924
-0.170049 0.776896 0.253924
2.033076 0.675333 0.230486
-0.341924 0.675333 0.230486
2.111201 0.659708 0.378924
-0.420049 0.659708 0.378924
2.056514 0.659708 0.589861
-0.365361 0.659708 0.589861
1.876826 0.761271 0.707049
-0.185674 0.761271 0.707049
1.673701 0.933146 0.738299
0.017451 0.933146 0.738299
1.767451 0.847208 0.308611
-0.076299 0.847208 0.308611
1.790889 0.776896 0.363299
-0.099736 0.776896 0.363299
1.728389 0.855021 0.691424
-0.037236 0.855021 0.691424
1.884639 0.698771 0.667986
-0.193486 0.698771 0.667986
2.033076 0.620646 0.574236
-0.341924 0.620646 0.574236
2.079951 0.620646 0.417986
-0.388799 0.620646 0.417986
2.017451 0.628458 0.308611
-0.326299 0.628458 0.308611
1.869014 0.706583 0.324236
-0.177861 0.706583 0.324236
1.689326 0.855021 0.378924
0.001826 0.855021 0.378924
1.681514 0.792521 0.496111
0.009639 0.792521 0.496111
1.603389 0.792521 0.574236
0.087764 0.792521 0.574236
1.665889 0.792521 0.582049
0.025264 0.792521 0.582049
1.689326 0.792521 0.652361
0.001826 0.792521 0.652361
1.658076 0.792521 0.683611
0.033076 0.792521 0.683611
1.572139 0.995646 0.667986
0.119014 0.995646 0.667986
1.564326 0.894083 0.691424
0.126826 0.894083 0.691424
1.564326 0.878458 0.628924
0.126826 0.878458 0.628924
1.642451 0.855021 0.464861
0.048701 0.855021 0.464861
1.736201 0.800333 0.425799
-0.045049 0.800333 0.425799
1.736201 0.745646 0.433611
-0.045049 0.745646 0.433611
1.658076 0.745646 0.683611
0.033076 0.745646 0.683611
1.697139 0.745646 0.652361
-0.005986 0.745646 0.652361
1.673701 0.745646 0.589861
0.017451 0.745646 0.589861
1.611201 0.745646 0.574236
0.079951 0.745646 0.574236
1.689326 0.745646 0.496111
0.001826 0.745646 0.496111
1.884639 0.651896 0.339861
-0.193486 0.651896 0.339861
2.033076 0.581583 0.324236
-0.341924 0.581583 0.324236
2.103389 0.573771 0.425799
-0.412236 0.573771 0.425799
2.056514 0.581583 0.582049
-0.365361 0.581583 0.582049
1.892451 0.644083 0.667986
-0.201299 0.644083 0.667986
1.728389 0.800333 0.683611
-0.037236 0.800333 0.683611
1.798701 0.722208 0.378924
-0.107549 0.722208 0.378924
1.736201 0.737833 0.558611
-0.045049 0.737833 0.558611
1.783076 0.730021 0.605486
-0.091924 0.730021 0.605486
1.845576 0.698771 0.542986
-0.154424 0.698771 0.542986
1.806514 0.714396 0.496111
-0.115361 0.714396 0.496111
1.861201 0.690958 0.433611
-0.170049 0.690958 0.433611
1.900264 0.683146 0.480486
-0.209111 0.683146 0.480486
1.954951 0.675333 0.457049
-0.263799 0.675333 0.457049
1.931514 0.675333 0.394549
-0.240361 0.675333 0.394549
1.869014 0.581583 0.230486
-0.177861 0.581583 0.230486
2.095576 0.519083 0.199236
-0.404424 0.519083 0.199236
2.212764 0.565958 0.371111
-0.521611 0.565958 0.371111
2.158076 0.534708 0.613299
-0.466924 0.534708 0.613299
1.884639 0.573771 0.753924
-0.193486 0.573771 0.753924
1.634639 0.737833 0.792986
0.056514 0.737833 0.792986
1.704951 0.683146 0.285174
-0.013799 0.683146 0.285174
